Unnamed: 0,d
0,1.883880474614423
200,1.691787196271776
400,1.5291479610050505
600,1.3004097284676728
800,1.0727586270555844
1000,0.7215625715939352
1200,0.4788440878881574
1400,0.3455663751597526
1600,0.1748273884888287
1800,0.2055168845736728
2000,0.1117157928519519
2200,0.0113618698107778
2400,-0.0714052105409026
2600,-0.1589190084597798
2800,-0.2210458951815739
3000,-0.3561787605554558
3200,-0.4534198939904972
3400,-0.5008247892206111
3600,-0.5313150769306351
3800,-0.4698484836035329
4000,-0.4727596683085995
4200,-0.4959468696530885
4400,-0.5191129171741597
4600,-0.5204569908905717
4800,-0.5352697442576101
5000,-0.5746585004927143
5200,-0.6459912713078606
5400,-0.6797205039278064
5600,-0.7317851073998562
5800,-0.6990069525775359
6000,-0.6532857299993795
6200,-0.6550298665457774
6400,-0.6000902311263149
6600,-0.5598436002322584
6800,-0.5331495290159604
7000,-0.4757125300670113
7200,-0.4919545220988253
7400,-0.5112990351031751
7600,-0.4301203697695205
7800,-0.3201499229929356
8000,-0.0456686931647425
8200,0.1233426911720695
8400,0.2469904975331605
8600,0.4076324440701664
8800,0.6688202610681748
9000,0.7418102569352625
9200,0.7805128044517318
9400,0.9123951317532508
9600,1.093932938768114
9800,1.440459013305317
10000,1.8457991319653944
10200,1.8882929810511304
10400,1.8677849279757968
10600,1.7536646480401088
10800,1.6356309188575782
11000,1.3451972745216567
11200,1.0355204775327629
11400,0.862472047135643
11600,0.5605601467370409
11800,0.5298829864248888
12000,0.4728430667655633
12200,0.2883893155035552
12400,0.1512185653144487
12600,0.0107268457811889
12800,-0.1164721911886841
13000,-0.3143763628857282
13200,-0.4485201655746283
13400,-0.5093984109130658
13600,-0.5436825163462331
13800,-0.4764392772574338
14000,-0.5028087493635783
14200,-0.5355834992524648
14400,-0.543174157819094
14600,-0.5572557165187129
14800,-0.5827105553542484
15000,-0.6701408198503972
15200,-0.7230332586602448
15400,-0.7515122288291766
15600,-0.7331345108642195
15800,-0.6533237481680435
16000,-0.6668135136903928
16200,-0.6845250090048014
16400,-0.6929207153082093
16600,-0.7021265169007733
16800,-0.7011521984337287
17000,-0.7560761320991289
17200,-0.8365282779548099
17400,-0.8357388654119707
17600,-0.84494802193359
17800,-0.7866899441586798
18000,-0.7625113226579249
18200,-0.7695609001624726
18400,-0.7272450732613148
18600,-0.66559542735532
18800,-0.6029286575944952
19000,-0.5982963954005831
19200,-0.5545587556124463
19400,-0.436934650365122
19600,-0.3172704031778737
19800,-0.0097284208440894
20000,0.1405090948123398
20200,0.2728042565624807
20400,0.4704889289814772
20600,0.625043396157126
20800,0.6065733250345207
21000,0.691669243723581
21200,0.851229830981721
21400,0.9268707009494888
21600,1.3364443688250536
21800,1.8821068314004616
22000,2.149241947507195
22200,2.326796147230218
22400,2.400293479669612
22600,2.515621438215696
22800,2.644964272247944
23000,2.761551629582033
23200,2.796583631029035
23400,2.764552413813968
23600,2.9095298083150185
23800,2.7914429132100693
24000,2.609040822267016
24200,2.368371159894556
24400,2.0282412914695027
24600,1.5606717315455247
24800,1.1585682156485195
25000,0.8285880591613468
25200,0.4834062343388444
25400,0.3438078302052413
25600,0.2487010240668326
25800,0.0440283777802382
26000,-0.1101719705878147
26200,-0.2340594259311985
26400,-0.3628387563857626
26600,-0.4410663169676941
26800,-0.5798130120905318
27000,-0.6789160341081703
27200,-0.7418427309559844
27400,-0.7584737423406426
27600,-0.6937199472355782
27800,-0.7077854533350366
28000,-0.7184306873268361
28200,-0.739678004723538
28400,-0.7316148856695474
28600,-0.7272081871267936
28800,-0.748015401717206
29000,-0.8190442584768286
29200,-0.8415997075212117
29400,-0.8728082374132042
29600,-0.8258668848773095
29800,-0.7513797700491587
30000,-0.7223344115735179
30200,-0.5740179462953806
30400,-0.3919875700850384
30600,-0.1809070756607108
30800,0.0706291387605262
31000,0.1861435371113936
31200,0.2730609360057346
31400,0.4583064532206338
31600,0.6331580699455026
31800,1.1196188848286754
32000,1.344777461681669
32200,1.5642511299270927
32400,1.647751754893221
32600,1.781025136842427
32800,1.697128258419117
33000,1.7609969335620277
33200,1.9520834020845568
33400,2.045244638740122
33600,2.4632692260021702
33800,2.746672517995536
34000,2.797822060143208
34200,2.9349494529518325
34400,3.001894180719348
34600,2.9844389992336176
34800,2.956967412322535
35000,2.95270191824502
35200,2.994022944269358
35400,3.0482825610115505
35600,3.204290817708271
35800,3.113433042719814
36000,2.9958205695876017
36200,2.8447286020427005
36400,2.6469124714566785
36600,2.3077054449407783
36800,2.038773413249856
37000,1.8353224985890635
37200,1.5884093374082613
37400,1.4953545501587109
37600,1.475914137127011
37800,1.285371916222601
38000,1.1093607494588191
38200,0.9793850958416784
38400,0.770767412340503
38600,0.5372186711649054
38800,0.3040414507839166
39000,0.1591445609924782
39200,-0.0229207813784887
39400,-0.100265052862335
39600,-0.0883947734943804
39800,-0.1990454551085115
40000,-0.2899355526736475
40200,-0.3719183871634165
40400,-0.4167337313561579
40600,-0.4325028225263911
40800,-0.5024386202978531
41000,-0.597398972492701
41200,-0.6086398356918623
41400,-0.6801353699398519
41600,-0.6164143880075382
41800,-0.5851674964367368
42000,-0.6096667982280252
42200,-0.6111830798393035
42400,-0.5886073238367688
42600,-0.5745729269140769
42800,-0.5641112203008644
43000,-0.5893108717575857
43200,-0.5647245249142842
43400,-0.4327530395216923
43600,-0.1745352873185131
43800,0.2898036233209284
44000,0.6081709609772357
44200,0.964521506177868
44400,1.4744355440926598
44600,1.82336535535723
44800,2.017349191210283
45000,2.100867996860812
45200,2.24371275010829
45400,2.5667777509589755
45600,2.8192912257786458
45800,3.1687126427086167
46000,3.392277852725069
46200,3.4519686492234736
46400,3.5584440564367226
46600,3.610499006846164
46800,3.662655749667285
47000,3.6628491003701993
47200,3.670950133067812
47400,3.7494522660288414
47600,3.765535062046677
47800,3.9331909159924248
48000,3.9525573825039992
48200,3.835114852478344
48400,3.7232892102891415
48600,3.553690677896623
48800,3.316527369977044
49000,3.0803768836255743
49200,2.8255817877512666
49400,2.601474336695368
49600,2.3713476778011686
49800,2.304981252669128
50000,2.0437797615723725
50200,1.7590612254038147
50400,1.506623771113871
50600,1.246216527477088
50800,0.951712847700536
51000,0.6780843572941249
51200,0.4702556137758685
51400,0.2888192137442072
51600,0.1911107405135506
51800,0.2285197716942329
52000,0.0865031707510726
52200,-0.045192908551021
52400,-0.1535108737816426
52600,-0.2587573045875633
52800,-0.3346087901658977
53000,-0.428862069541904
53200,-0.5474863298939886
53400,-0.5858840422618858
53600,-0.6787191967891522
53800,-0.6153321976104689
54000,-0.5613276923170675
54200,-0.5811862645614388
54400,-0.5654049537008263
54600,-0.5601718167940142
54800,-0.5630457076162586
55000,-0.5879967827848481
55200,-0.6735381556393321
55400,-0.6744824675291053
55600,-0.6964427985142357
55800,-0.6039876362152359
56000,-0.5539895061012999
56200,-0.5531745819254267
56400,-0.5265428638615616
56600,-0.4882051011758786
56800,-0.4478038068745973
57000,-0.4372074980298611
57200,-0.4621483283798766
57400,-0.3586479563633028
57600,-0.2237885628607096
57800,0.1875206159721555
58000,0.4666478694729458
58200,0.6482170241913041
58400,0.8490463474638382
58600,1.0410760742492469
58800,0.9937484005464629
59000,1.0778956785483793
59200,1.3363427702498474
59400,1.5309438077809907
59600,1.922677066355973
59800,2.2315938438929885
60000,2.2740469988366736
60200,2.326430185642365
60400,2.240508982344303
60600,1.968882774315757
60800,1.717766199318522
61000,1.546903676468551
61200,1.3819995484042542
61400,1.314065335169038
61600,1.3730449268902052
61800,1.202186438958239
62000,1.0416761788576432
62200,0.8707970828016652
62400,0.6496279595758215
62600,0.4066409462217822
62800,0.189837441362624
63000,0.1007574907829695
63200,-0.094052232797054
63400,-0.0631662558206532
63600,-0.0990403944445158
63800,-0.1923666604580161
64000,-0.2575720035493636
64200,-0.3450138098412873
64400,-0.3996397817836555
64600,-0.4989548789486969
64800,-0.6033770137481249
65000,-0.633838040490312
65200,-0.6787391577597539
65400,-0.6023904447069646
65600,-0.5864564944796261
65800,-0.5820214906301368
66000,-0.5817494764950608
66200,-0.5477031456348069
66400,-0.5441795648606828
66600,-0.5931161224629775
66800,-0.6308654161572532
67000,-0.6440801509735979
67200,-0.4512213714364708
67400,-0.192482410137988
67600,-0.1096895477372205
67800,-0.0034350918443601
68000,0.0940210425947184
68200,0.1981807398652787
68400,0.1863644266243146
68600,0.2521761789356588
68800,0.4106486563734174
69000,0.5252064820519419
69200,0.9274508325770138
69400,1.203311031189222
69600,1.3025956699253742
69800,1.4438982302481842
70000,1.512841936905577
70200,1.466042797583874
70400,1.4193404138487276
70600,1.4854674139678326
70800,1.5509721069663285
71000,1.8247730070614177
71200,2.15239648248184
71400,2.211610731955123
71600,2.2803830712217072
71800,2.2583045619430586
72000,2.165813093786165
72200,0.8535084055389404
72400,0.8814295873200468
72600,0.902678617186726
72800,0.9169586505979528
73000,0.9363196861928278
73200,0.9678623713744414
73400,0.9882808664350905
73600,1.0055745412158656
73800,1.0310288425008662
74000,1.0316963883944503
74200,1.0273013569379668
74400,1.0301524818266992
74600,1.03471254939936
74800,1.0516071769297597
75000,1.0740779149923398
75200,1.0881817314054727
75400,1.100539597990305
75600,1.1172573786137703
75800,1.1298100445074877
76000,1.1439154356927215
76200,1.1758252002510616
76400,1.205081631296546
76600,1.2370748587762355
76800,1.278841121914292
77000,1.3189648977510793
77200,1.3536501981373072
77400,1.3808080878810933
77600,1.435543701610773
77800,1.4385849014920877
78000,1.4685235238116947
78200,1.5116404689807184
78400,1.5352022091548223
78600,1.5491842956845532
78800,1.548346831881279
79000,1.5497612921823336
79200,1.567436849197584
79400,1.5862651393907148
79600,1.6198427450811492
79800,1.640903117250137
80000,1.6689652411342766
80200,1.7014697971151378
80400,1.741205391629046
80600,1.787581800092573
80800,0.5834055419912809
81000,0.1873224851413798
81200,-0.1869544662111384
81400,-0.32274651330403514
81600,-0.4729563076283849
81800,-0.5344851732470535
82000,-0.5605976505316376
82200,-0.5754145237520711
82400,-0.6159242762307963
82600,-0.6436440446601939
82800,-0.626178168550182
83000,0.34463355677766006
83200,1.187906851809391
83400,1.2066244355238265
83600,1.2422100331201558
83800,1.2621863321748639
84000,1.2186582140102875
84200,1.1362809405474161
84400,0.9771032915399045
84600,0.9368695966104723
84800,0.740711259402418
85000,1.1212328907825664
85200,1.0793036387320636
85400,0.6529789734103366
85600,0.5044804839280668
85800,0.3289157564382849
86000,-0.006328972359205144
86200,-0.19253419871915103
86400,0.028799153941804188
86600,-0.052150746088784866
86800,1.0620354752593235
87000,0.9396309594894519
87200,0.674819802632545
87400,0.6298239968699028
87600,0.4769084291217363
87800,0.2545206878006039
88000,0.0044730193899091795
88200,0.21733086986505795
88400,0.2484790746353887
88600,0.9410926629535344
88800,0.7257455702184467
89000,0.3984698181604992
89200,0.21264545043316305
89400,0.131376974006556
89600,-0.09309434828131595
89800,-0.28229431874559907
90000,-0.27739819480659983
90200,-0.7173912422468942
90400,-0.7384536127885739
90600,-0.6548890139546484
90800,-0.6411366449310598
91000,-0.6446473069143147
91200,-0.6229826433100388
91400,-0.6196470708293561
91600,-0.6232514841964019
91800,-0.6696689572813148
92000,-0.7031306711201342
92200,-0.6306542544122037
92400,-0.4815757252334497
92600,-0.2627763260306843
92800,-0.1482805432183484
93000,0.0009037342198026
93200,0.1405753337705629
93400,0.2751811085038915
93600,0.3610043441037173
93800,0.4179219836191249
94000,0.5876141782381203
94200,0.697369746000605
94400,1.105545526334666
94600,1.3445780777927918
94800,1.40927551115338
95000,1.4912920593494337
95200,1.4953828035837455
95400,1.4162973317524965
95600,1.363728491012146
95800,1.4355170262213337
96000,1.4556116028177906
96200,1.7607029555602278
96400,1.9196769752572544
96600,1.9728807297492816
96800,2.011345422518184
97000,1.948924326590722
97200,1.8228678906797504
97400,1.648257167886923
97600,1.6896927118716991
97800,1.7034950946064271
98000,1.91183129687318
98200,1.9582123204312605
98400,1.8794992127049628
98600,1.7793985747639405
98800,1.671575156524325
99000,1.4598613020621387
99200,1.1939960457008731
99400,1.1510751866202151
99600,0.9416800317683022
99800,0.9863247470612636
100000,0.9852836368782394
100200,0.8320558089148812
100400,0.7293057244703982
100600,0.5873383366337986
100800,0.4332843648451878
101000,0.1906473125539915
101200,0.0664759720759365
101400,-0.0611590811888636
101600,-0.1700594553008608
101800,-0.1462844051616259
102000,-0.1905589270669777
102200,-0.2720472432972078
102400,-0.328554964491095
102600,-0.4044523362686007
102800,-0.4680952049633409
103000,-0.5615390671079014
103200,-0.6133689837417636
103400,-0.675169422341004
103600,-0.6581309575290301
103800,-0.6185767402015641
104000,-0.6591019585049578
104200,-0.6745755946037875
104400,-0.6934307944503817
104600,-0.6868167981236666
104800,-0.686122559536254
105000,-0.7544369665428802
105200,-0.7568247569469883
105400,-0.7569215366952387
105600,-0.6431881307829334
105800,-0.5403768028790811
106000,-0.4982005543129709
106200,-0.3948845854618948
106400,-0.2958342187482133
106600,-0.1700962595448673
106800,-0.1136541176457485
107000,-0.0596078005455464
107200,0.108352820517502
107400,0.3437091999865187
107600,0.7750249585223936
107800,0.9782505690816874
108000,1.1419042000257198
108200,1.2389481569992868
108400,1.2867230180658027
108600,1.2643553922034954
108800,1.2476146878322265
109000,1.3183497007249811
109200,1.3526250896934786
109400,1.6619774437121009
109600,1.8383770441741272
109800,1.852173309739083
110000,1.9000578854271128
110200,1.9176934923481408
110400,1.797876035971398
110600,1.6441945867373184
110800,1.6529381204545122
111000,1.647062029538919
111200,1.817903656584872
111400,2.0405679618904253
111600,2.0657793718353874
111800,2.1559903282778627
112000,2.190980996025262
112200,2.198012666953035
112400,2.117147856499702
112600,2.027860223306437
112800,2.062610120348814
113000,2.035733079433867
113200,2.225502822744622
113400,2.188357859951146
113600,2.067687388695308
113800,1.956362242329551
114000,1.824286891677965
114200,1.5682665407400982
114400,1.317871082458945
114600,1.2025552287662462
114800,0.9699047831153074
115000,0.975798680111025
115200,0.9909279831115844
115400,0.8321227791613718
115600,0.7013036996882627
115800,0.5711554056359721
116000,0.4106094402597353
116200,0.2519982538279042
116400,0.0858523380540413
116600,-0.0239905755410172
116800,-0.1366286418977816
117000,-0.0956728880318856
117200,-0.0978272485262665
117400,-0.1736625797838147
117600,-0.2292376203049872
117800,-0.2634994800096416
118000,-0.3352082643852574
118200,-0.3856834323712517
118400,-0.4826533296957288
118600,-0.5487924263289423
118800,-0.6234825959603177
119000,-0.6074033972424823
119200,-0.5754191057876524
119400,-0.6172157996474086
119600,-0.6467521944356149
119800,-0.6502520306722189
120000,-0.6441436494390042
120200,-0.6298916527798564
120400,-0.6445359121541755
120600,-0.6986605236708598
120800,-0.6722877218521632
121000,-0.5598101785797397
121200,-0.3732798918597544
121400,-0.2722281079315381
121600,-0.1360765741669506
121800,0.0454345501866933
122000,0.1553708336268586
122200,0.2577919782612882
122400,0.3290848091122541
122600,0.4453308090948991
122800,0.6313593630841862
123000,0.9304919627375392
123200,1.346554115193469
123400,1.4841627672065378
123600,1.6240093645150726
123800,1.725753063866125
124000,1.7774101671945914
124200,1.771455671736922
124400,1.8032284265811136
124600,1.957059237576868
124800,2.0834114177008454
125000,2.4526582712877736
125200,2.561769735877236
125400,2.589804796564045
125600,2.578375676797252
125800,2.510390882976824
126000,2.3550991991209864
126200,2.174085349410728
126400,2.139338743922192
126600,2.0886371327709017
126800,2.28409456873498
127000,2.2935338446446774
127200,2.211403398021137
127400,2.158396423728207
127600,2.039475003972055
127800,1.8367486497567456
128000,1.6110214391261004
128200,1.5205763447252605
128400,1.238987931523551
128600,1.26464091657298
128800,1.2266088115946665
129000,1.023774102187888
129200,0.8699291781991095
129400,0.6908748719506898
129600,0.509927711873374
129800,0.2588139811783579
130000,0.0669235202179066
130200,-0.0314029495935761
130400,-0.1738237084915078
130600,-0.1497577659633815
130800,-0.2174902592176914
131000,-0.2967694322085888
131200,-0.3562079119412397
131400,-0.4066213080716649
131600,-0.458283879762534
131800,-0.5236728711346236
132000,-0.6178191565310981
132200,-0.6408871190278965
132400,-0.6870378040494264
132600,-0.6224870721663596
132800,-0.6149146945782387
133000,-0.6312456977900717
133200,-0.6254865074963324
133400,-0.645193978174581
133600,-0.6339502392243243
133800,-0.7048608407560811
134000,-0.7779900140107988
134200,-0.8067798055198462
134400,-0.7881503531021492
134600,-0.6703201735902582
134800,-0.59518853445129
135000,-0.4961441241692261
135200,-0.3547787697836023
135400,-0.2439562874171124
135600,-0.1855537368643941
135800,-0.1493427045216144
136000,-0.0670667758221412
136200,0.068608006171494
136400,0.4019639091629685
136600,0.7976933733563878
136800,0.9213004661145028
137000,1.0726146857696028
137200,1.162964022521501
137400,1.1720863565841138
137600,1.1264319943191017
137800,1.099197647370627
138000,1.2008590909778334
138200,1.265427994519332
138400,1.5169751789798371
138600,1.492640907122381
138800,1.4630343533984294
139000,1.412477947777734
139200,1.3144658427566869
139400,1.1280199059660645
139600,0.903348769394818
139800,0.8039131718815845
140000,0.5931347810178232
140200,0.6593958785388493
140400,0.6040266904311141
140600,0.4446038400630822
140800,0.3426145701359519
141000,0.1861822781347264
141200,0.0271398343247297
141400,-0.1618112873560664
141600,-0.2728928598025223
141800,-0.3766924917796789
142000,-0.3966671532035743
142200,-0.3380791691455486
142400,-0.3675039864550708
142600,-0.4155033938229778
142800,-0.4051765285759255
143000,-0.4609616144215209
143200,-0.5266162328933128
143400,-0.617865781437309
143600,-0.6945727589878967
143800,-0.7569662355016743
144000,-0.745252021620301
144200,-0.6816739484022674
144400,-0.7103518832646776
144600,-0.7309221316128863
144800,-0.7168916603692618
145000,-0.7248064657832025
145200,-0.730513127868017
145400,-0.797740289999539
145600,-0.822994770199581
145800,-0.8442165149301056
146000,-0.779057616748565
146200,-0.6999953921351244
146400,-0.6885432344012311
146600,-0.6367258120883467
146800,-0.5621987016230758
147000,-0.4548466648832296
147200,-0.4276572896254792
147400,-0.3996727449173026
147600,-0.3056781156264707
147800,-0.2166767773934185
148000,0.1455922440694683
148200,0.5144983579569072
148400,0.6594891486701294
148600,0.8945153466783624
148800,1.043780090704818
149000,1.1147914222631792
149200,1.1366288979972778
149400,1.2025701163290652
149600,1.3006091142046008
149800,1.5104531961286445
150000,1.7981278742678095
150200,1.8239071035183587
150400,1.8647180904846328
150600,1.8382915819144
150800,1.7082212060744837
151000,1.5304697728236032
151200,1.3494103584039003
151400,1.2768534761331949
151600,1.1938534083691446
151800,1.3409339936720923
152000,1.299240327756425
152200,1.2241654600033929
152400,1.1683131632851844
152600,1.075335194863828
152800,0.9048174339490032
153000,0.7508392294649441
153200,0.662088681119153
153400,0.5272494662449023
153600,0.5899378056627109
153800,0.5760154413245725
154000,0.3935985765996842
154200,0.2673755439634906
154400,0.1456655056226843
154600,0.0024618139130738
154800,-0.2050377129500845
155000,-0.369123778074252
155200,-0.4500028173651234
155400,-0.520242420785612
155600,-0.4712227013834873
155800,-0.4993453141327478
156000,-0.5506181991082875
156200,-0.5734276806151446
156400,-0.5986726393129649
156600,-0.6149647240678853
156800,-0.6670478787772423
157000,-0.761401863837179
157200,-0.7861679214639697
157400,-0.844276399939412
157600,-0.771495282613666
157800,-0.761661445092203
158000,-0.7717058366728364
158200,-0.781673611527595
158400,-0.7798408692250235
158600,-0.7709997115621684
158800,-0.7873002240824718
159000,-0.8701314335810513
159200,-0.8880381006929372
159400,-0.9148747311201072
159600,-0.8544027574711036
159800,-0.8080489262735093
160000,-0.832821846359217
160200,-0.8358873731183777
160400,-0.8234916312576042
160600,-0.8145963545596531
160800,-0.8272920915193483
161000,-0.8697558526302327
161200,-0.9478092263963832
161400,-0.958000531508494
161600,-0.8441019760904693
161800,-0.6469235928705113
162000,-0.5560560479783372
162200,-0.4342255946930287
162400,-0.3140366854507866
162600,-0.2126109520265584
162800,-0.1469718274581848
163000,-0.0631152771299299
163200,0.1091839555548644
163400,0.3063553452515871
163600,0.7933893794050835
163800,1.1174138843540051
164000,1.2610241526918802
164200,1.4186903404322642
164400,1.5335824069992634
164600,1.4307146855448838
164800,1.3395429178755116
165000,1.3468876158981642
165200,1.2153194179409734
165400,1.3472219931624358
165600,1.4185953890957212
165800,1.302707371639129
166000,1.195379507351713
166200,1.041398889267764
166400,0.7987102312229271
166600,0.5716898183375468
166800,0.5342759905610468
167000,0.3363997926598946
167200,0.4167780953586533
167400,0.4605018702160641
167600,0.3375308453458423
167800,0.3143335418243596
168000,0.2150622376735852
168200,0.037165075278045
168400,-0.1397128999529133
168600,-0.2608322882853869
168800,-0.3914257030492027
169000,-0.429872448462876
169200,-0.4017034729047106
169400,-0.4710700636805516
169600,-0.4970333983743343
169800,-0.5511591459194269
170000,-0.5989050859721314
170200,-0.6691717545458419
170400,-0.7656891153551706
170600,-0.8133441909197393
170800,-0.8524490714255631
171000,-0.8005441280856774
171200,-0.7775060022516439
171400,-0.8068220475149042
171600,-0.7815852649811346
171800,-0.7925221700159365
172000,-0.7805719714650189
172200,-0.8190323215026664
172400,-0.8959396334976618
172600,-0.9081127964464892
172800,-0.9218641440261108
173000,-0.8480625219742581
173200,-0.8177348570532824
173400,-0.8295267107568882
173600,-0.8082087640893441
173800,-0.7965878357210475
174000,-0.7831429712953653
174200,-0.8335921142864887
174400,-0.9032355876447636
174600,-0.9415834129892704
174800,-0.8776602431980929
175000,-0.8504746660217131
175200,-0.8374462842486896
175400,-0.8292764897811109
175600,-0.7800349768111381
175800,-0.7400557342430127
176000,-0.7909822695181636
176200,-0.8591203607004895
176400,-0.92463700998535
176600,-0.9277099349077772
176800,-0.8028147027130504
177000,-0.7297221295931713
177200,-0.6947488130217383
177400,-0.6261024387064054
177600,-0.5286534956656858
177800,-0.4794603666964889
178000,-0.4312066950096502
178200,-0.2676534564917686
178400,0.0444020720333774
178600,0.4566587405595601
178800,0.6668143583564329
179000,0.9090269545978962
179200,1.1053786604046292
179400,1.0641556890918047
179600,0.9621177250668644
179800,0.9668322704740332
180000,0.8191247227237836
180200,0.93250062228614
180400,0.9824210963144993
180600,0.8710736206439976
180800,0.7817518198703467
181000,0.6192362259123153
181200,0.4583624997553266
181400,0.2458977405207781
181600,0.2170794371865336
181800,0.1027608483010262
182000,0.2139651234177229
182200,0.1918482914079282
182400,0.1189431114733406
182600,0.105138382949997
182800,0.0193556231578859
183000,-0.0894306233525441
183200,-0.2313674426530529
183400,-0.2998729518737158
183600,-0.3968255850568087
183800,-0.3676710681862951
184000,-0.3496362175806777
184200,-0.4152841266968024
184400,-0.4668324065648042
184600,-0.4974205940262848
184800,-0.5574341040658207
185000,-0.5745777776237274
185200,-0.6893536203375886
185400,-0.750578497857062
185600,-0.8016941918756197
185800,-0.7908213360170474
186000,-0.7209326441793429
186200,-0.7145498120152408
186400,-0.7194846753479228
186600,-0.7267083124520956
186800,-0.7335819564568368
187000,-0.7362127707286492
187200,-0.7376496715321421
187400,-0.7368571674723495
187600,-0.7397777398107329
187800,-0.7447805545595702
188000,-0.7484813871046615
188200,-0.7528492931117066
188400,-0.7585143782675895
188600,-0.7671991676656095
188800,-0.773852067991103
189000,-0.7751023583006357
189200,-0.772194029815337
189400,-0.772172061744529
189600,-0.7733636917933022
189800,-0.774091118396024
190000,-0.7722834768706698
190200,-0.7718343518674847
190400,-0.7766106356496033
190600,-0.7792030648514555
190800,-0.777367549859915
191000,-0.7688434659547948
191200,-0.7551836959048216
191400,-0.7474653047758394
191600,-0.7449331106068476
191800,-0.7452990482738011
192000,-0.7458057311972751
192200,-0.7426428014325587
192400,-0.7434491634868394
192600,-0.7473175911527723
192800,-0.7507223271735864
193000,-0.7531163744600241
193200,-0.7389872042160665
193400,-0.7235601068065228
193600,-0.7161917481462747
193800,-0.7202334794819147
194000,-0.7123704061661597
194200,-0.7052143267851169
194400,-0.690618787783469
194600,-0.6755458566194242
194800,1.2409524201203534
195000,1.0998789810939653
195200,0.7658868260255544
195400,0.14560299273472088
195600,-0.4192398864024265
195800,-0.4384766724785383
196000,-0.5953141314054641
196200,-0.6177375475664112
196400,-0.6147873695125303
196600,-0.6256122741957132
196800,-0.631236336538367
197000,-0.6500410051499838
197200,-0.6762585197336999
197400,-0.699147832220707
197600,-0.6981913943852076
197800,-0.6536314855401025
198000,-0.659809237753443
198200,-0.6616281782686214
198400,-0.6538232927819957
198600,-0.6303417872464341
198800,-0.6267838259001995
199000,-0.6408281946665222
199200,-0.6571958247133458
199400,-0.49976444048855456
199600,0.3813451164261538
199800,0.7553026252579985
200000,0.6330842475504567
200200,0.49372526291035
200400,0.42878969280574114
200600,0.35467587846528614
200800,0.2664053353691071
201000,0.04868758071328047
201200,0.15957767783557741
201400,0.17795101636874966
201600,0.6380775349280833
201800,0.6579895832810735
202000,0.4133172419596908
202200,0.35110067336454637
202400,0.3826546969052866
202600,0.11654781756373524
202800,-0.20354681623676465
203000,-0.32510662425169784
203200,-0.3422212474445973
203400,-0.37184900975148083
203600,0.06964889971711988
203800,-0.20005775116994573
204000,-0.29791653041844784
204200,-0.2124618220818452
204400,-0.3468243483382303
204600,-0.4918512829754691
204800,-0.532182953755573
205000,-0.577059020380836
205200,-0.5052764708896398
205400,-0.4768550419020415
205600,-0.4810859736001163
205800,-0.4762998977423604
206000,-0.5260457033436357
206200,-0.5486092027517714
206400,-0.6344874080489644
206600,-0.7171640924819113
206800,-0.7412606056029962
207000,-0.7302112820059381
207200,-0.6614763363098366
207400,-0.6639244259794443
207600,-0.6906299368557359
207800,-0.6900831174493266
208000,-0.6789294340323855
208200,-0.6794055251481717
208400,-0.7306212789333981
208600,-0.7891042320585311
208800,-0.7095289817173566
209000,-0.5931175395176336
209200,-0.3368772489775971
209400,-0.197958199793453
209600,-0.0568185370871563
209800,0.1087773192031208
210000,0.2613833230696443
210200,0.3711285295692312
210400,0.4444089400489374
210600,0.5911418349611968
210800,0.7282948015288225
211000,1.1114884280934534
211200,1.5257259442329336
211400,1.7080402465302482
211600,1.8510826270132912
211800,1.9369369882317071
212000,1.8497915609857285
212200,1.6734426863695946
212400,1.4735620334194373
212600,1.418955616937867
212800,1.3375306763971766
213000,1.5647608729746425
213200,1.575414650427199
213400,1.3538452848749234
213600,1.155046273044165
213800,0.9232448041594506
214000,0.6809291287334384
214200,0.376532395275106
214400,0.1709374330128195
214600,0.0054872938374036
214800,-0.1249102303231473
215000,-0.1255798578450921
215200,-0.2046671278480212
215400,-0.3032508398293106
215600,-0.3768144285743713
215800,-0.4428025561980078
216000,-0.4984599756335852
216200,-0.566947805504614
216400,-0.6797015475333744
216600,-0.704874771219963
216800,-0.7772470310933953
217000,-0.7354690847176554
217200,-0.7096442712861064
217400,-0.7434642381623311
217600,-0.7506742829667895
217800,-0.7539958680913371
218000,-0.7628379773118352
218200,-0.7468397880697529
218400,-0.7809741562110852
218600,-0.7410223635443357
218800,-0.6719576997464523
219000,-0.4275754935932151
219200,-0.2152963836439061
219400,-0.1404215889604701
219600,0.0044120627132578
219800,0.1210400523359648
220000,0.1905202658731422
220200,0.1534168257455296
220400,0.177059056662563
220600,0.3201149135482413
220800,0.4043317414177984
221000,0.7705509062895736
221200,0.999057602010605
221400,0.9942897385030668
221600,1.0062251550769132
221800,0.9649658360191302
222000,0.8353062991041219
222200,0.67477158835937
222400,0.5281939705426332
222600,0.5466240514545674
222800,0.5549700567314519
223000,0.6413954728104793
223200,0.5807313052149318
223400,0.4671133988749843
223600,0.3652086039137603
223800,0.1793723480553072
224000,0.0021385926774693
224200,-0.1606922551570923
224400,-0.2692858837448934
224600,-0.3906959673868289
224800,-0.3983980865921965
225000,-0.3948019534036179
225200,-0.4580837029361435
225400,-0.4940451680028614
225600,-0.5188355624129649
225800,-0.5693392346661392
226000,-0.64574363847778
226200,-0.7478162625580947
226400,-0.7882553312639261
226600,-0.8472816235319133
226800,-0.807938640667458
227000,-0.7917748302039718
227200,-0.8030397322925636
227400,-0.8065871932959037
227600,-0.7957928014862844
227800,-0.7862784436706464
228000,-0.7827786832950616
228200,-0.8632926184206312
228400,-0.8849982139255513
228600,-0.9058498242014552
228800,-0.8487836514096678
229000,-0.7828298612860616
229200,-0.7798852745699519
229400,-0.7347154870518453
229600,-0.6865515538282925
229800,-0.6437192285790184
230000,-0.6641536689604984
230200,-0.7175124341382701
230400,-0.6541760246314343
230600,-0.5677450205674213
230800,-0.327530793682497
231000,-0.1957047956088234
231200,-0.0767428902448814
231400,0.0485168889770657
231600,0.147908358545527
231800,0.1570803908225974
232000,0.1817141522031652
232200,0.2746719548922803
232400,0.2469335887583272
232600,0.4444950781526257
232800,0.5517554634487807
233000,0.5156566291428262
233200,0.4884370378515807
233400,0.4285588283723436
233600,0.2504326274861131
233800,0.1107648100228744
234000,0.0497552841874617
234200,-0.1154955869536878
234400,-0.1278929507245764
234600,-0.1281158295190756
234800,-0.2479195090063502
235000,-0.3316892341596938
235200,-0.4058414346310011
235400,-0.486782085285056
235600,-0.5718573328903116
235800,-0.6833337093487892
236000,-0.7269008579638815
236200,-0.7911286548077028
236400,-0.7634002326980531
236600,-0.737807398002683
236800,-0.7711431507052621
237000,-0.7979917156056209
237200,-0.797653501138343
237400,-0.8097299540760325
237600,-0.8236038554923045
237800,-0.9157979474902248
238000,-0.9105854882214292
238200,-0.9420051911226098
238400,-0.8714249048761951
238600,-0.8548426328957501
238800,-0.8595704843380491
239000,-0.8427380823341492
239200,-0.8524499103403348
239400,-0.8264565696244567
239600,-0.8588749368181164
239800,-0.9364485428391088
240000,-0.9616903518021545
240200,-0.9461894222801452
240400,-0.8513954494899273
240600,-0.7800864116746784
240800,-0.7346976814821152
241000,-0.649232669708384
241200,-0.5704170967051673
241400,-0.557526001119167
241600,-0.5594701035021289
241800,-0.5140813822792322
242000,-0.4553155011284692
242200,-0.211128856037242
242400,0.0935513734956141
242600,0.1775036246568465
242800,0.2967025798519254
243000,0.3660305887541231
243200,0.3619159119527427
243400,0.2814384076411641
243600,0.1819190386779879
243800,0.2175637525000391
244000,0.2110239402570601
244200,0.3979814902310194
244400,0.4009964779234409
244600,0.3570667303162166
244800,0.3028675725798284
245000,0.2172398577757389
245200,0.0885161097216379
245400,-0.0595971585731844
245600,-0.1276423396255478
245800,-0.3064237374223002
246000,-0.3133868801807367
246200,-0.3166076829849613
246400,-0.393841474641964
246600,-0.4604336703283335
246800,-0.5178262233134406
247000,-0.5797403881218067
247200,-0.6367845668446499
247400,-0.7455816636120355
247600,-0.770081031258007
247800,-0.8027825153035296
248000,-0.7432043341148443
248200,-0.7399702563291305
248400,-0.7687720959416597
248600,-0.7660814277239856
248800,-0.7698189638528327
249000,-0.8066131507500259
249200,-0.846145297579447
249400,-0.7079445545369559
249600,-0.6195489836534747
249800,-0.4584255897678289
250000,-0.2121978113201794
250200,-0.0572335271078994
250400,0.0731593198828017
250600,0.209331228060822
250800,0.274685359702119
251000,0.336328904168089
251200,0.3815476610962132
251400,0.5532689695687965
251600,0.7189405823750273
251800,1.0894273391623617
252000,1.2660142587295384
252200,1.3674558362131513
252400,1.4576826953757052
252600,1.4821432413564664
252800,1.4684178760280229
253000,1.4584788272946196
253200,1.535450124266035
253400,1.5096766658290153
253600,1.702508454055102
253800,1.7327713403468794
254000,1.619352239550433
254200,1.537023675637628
254400,1.4013223271655193
254600,1.1949035467584346
254800,0.9558769891212404
255000,0.871383092996117
255200,0.6359901841655727
255400,0.6288652868880876
255600,0.5421817685124612
255800,0.3660848579539692
256000,0.2589303928640301
256200,0.0975564490854199
256400,-0.0735350734209381
256600,-0.2381170599207401
256800,-0.3169400845236126
257000,-0.4495399385874512
257200,-0.4279356082968304
257400,-0.4198231361691843
257600,-0.4627359993600341
257800,-0.4320394667306101
258000,-0.4204930828975949
258200,-0.4851113723958407
258400,-0.5701966968322577
258600,-0.6638743530453979
258800,-0.7133284914851454
259000,-0.747250770922631
259200,-0.6850744302759229
259400,-0.675686020315501
259600,-0.6939222264302061
259800,-0.6951825630332706
260000,-0.6983895749835446
260200,-0.7055303712786931
260400,-0.7897669206695174
260600,-0.8110541763191809
260800,-0.8462421521187597
261000,-0.7982607446857964
261200,-0.744408244617232
261400,-0.7522446435523696
261600,-0.7550121129957633
261800,-0.7575245519171401
262000,-0.7512957681074995
262200,-0.7912435397679417
262400,-0.8537264652420817
262600,-0.8760050142802681
262800,-0.8868695923688574
263000,-0.841395390489442
263200,-0.8276833189439554
263400,-0.8756265931241756
263600,-0.8176953793368142
263800,-0.7861780028942246
264000,-0.789312689395304
264200,-0.8320727854933307
264400,-0.7522495298322643
264600,-0.6383100635726293
264800,-0.3242842382437578
265000,-0.0406417133443791
265200,0.1225797971141142
265400,0.3428109723155128
265600,0.4645221125446869
265800,0.5241817017387
266000,0.6044223788766224
266200,0.7121722541606214
266400,0.6771982502506274
266600,0.8653901257500862
266800,0.8781789538175843
267000,0.7583003058329006
267200,0.6915490502682926
267400,0.5595746511172819
267600,0.4049677273041097
267800,0.2101139306810688
268000,0.1522201149206337
268200,0.0035478131629797
268400,0.0869652233516951
268600,0.0836960126635552
268800,0.0067436152156084
269000,-0.0438151295458486
269200,-0.1354914213805534
269400,-0.2501039293032105
269600,-0.3688041436214578
269800,-0.4436696960014836
270000,-0.5439902178826301
270200,-0.5404441346041855
270400,-0.5093678850464716
270600,-0.5589155072010343
270800,-0.570868461795607
271000,-0.6131602574838676
271200,-0.6338663830503428
271400,-0.7165268156011892
271600,-0.7816865691139729
271800,-0.8273546692098945
272000,-0.8077316377911378
272200,-0.7673434730382747
272400,-0.7686762976756796
272600,-0.7425984316554081
272800,-0.7441188912038483
273000,-0.749369150648198
273200,-0.7803038956740856
273400,-0.8577198833030302
273600,-0.8820687190545244
273800,-0.9105984709756976
274000,-0.8411723177321857
274200,-0.830761592074377
274400,-0.8437622641164536
274600,-0.8335501056232171
274800,-0.8276422588274366
275000,-0.8200324702864912
275200,-0.8695996936772302
275400,-0.9245404994317372
275600,-0.9098425954226672
275800,-0.8149696350727237
276000,-0.6802762786987792
276200,-0.6117303108897798
276400,-0.4977294465134648
276600,-0.3663618130700923
276800,-0.252454163636217
277000,-0.1726419734328956
277200,-0.1018647342578805
277400,0.1031857686070764
277600,0.2915765506989867
277800,0.7561033186022579
278000,1.0803164366760658
278200,1.2599762657672946
278400,1.4118469075307725
278600,1.4880752165824258
278800,1.3890682509639718
279000,1.214896593923293
279200,1.1639177739322764
279400,1.0341933125741942
279600,1.1771756947901972
279800,1.1937995723477846
280000,1.071263866907303
280200,0.993963114254026
280400,0.8460875086649431
280600,0.6601780546408377
280800,0.4064010627800451
281000,0.3709246451972118
281200,0.1614324538654159
281400,0.1758401097852818
281600,0.1063443974999799
281800,-0.0279599204111748
282000,-0.1141908570857802
282200,-0.234633378343021
282400,-0.3430436084348867
282600,-0.4684256475246706
282800,-0.5343343358320832
283000,-0.6343694126425313
283200,-0.6067444913341684
283400,-0.5960989242075929
283600,-0.6389146684878784
283800,-0.6554656050813993
284000,-0.687670485744717
284200,-0.7026470236582698
284400,-0.7864711184941469
284600,-0.8612496989464649
284800,-0.9046990176905124
285000,-0.8916909331257333
285200,-0.8436422255536934
285400,-0.8584534346288485
285600,-0.8722557363173349
285800,-0.8624756358204658
286000,-0.9193797010073692
286200,-0.9140811435729717
286400,-0.9194616408052246
286600,-0.9135354428135212
286800,-0.8416199243319527
287000,-0.632860946247182
287200,-0.364695612499859
287400,-0.2077092973570549
287600,-0.0052982369739501
287800,0.1874628465376758
288000,0.3131272052816865
288200,0.3929628409389697
288400,0.5299526524792606
288600,0.766737822898854
288800,1.0403717748331622
289000,1.480000751924651
289200,1.5902107278529052
289400,1.5810530088551096
289600,1.4852296229852504
289800,1.3085642842916625
290000,1.1075958102597967
290200,0.9558738651427168
290400,0.9033773449669128
290600,0.9056331106608766
290800,1.0704357510659486
291000,1.0258497543106342
291200,1.017305853521846
291400,0.954501338505864
291600,0.7785598045249011
291800,0.7030288700243449
292000,0.922406953630165
292200,1.1421728049681932
292400,1.4796734354739245
292600,1.6703592451884226
292800,1.6905439359586956
293000,1.4615777872958102
293200,1.1830169819625211
293400,1.0181831304989015
293600,0.7630867815740757
293800,0.53436167270784
294000,0.5704925748752735
294200,0.5425165576936702
294400,0.4082918208206117
294600,0.2625876243836132
294800,0.0345370277409613
295000,-0.2422251772968798
295200,-0.4003878236234398
295400,-0.5492624542017391
295600,-0.5465557545128955
295800,-0.5883262107889937
296000,-0.6457296935083037
296200,-0.7105533788287928
296400,-0.745598717211101
296600,-0.8350033484713096
296800,-0.873247158051392
297000,-0.9366248204468416
297200,-0.8887344961902097
297400,-0.8906179791344115
297600,-0.912551760984798
297800,-0.9043627075411226
298000,-0.9191702419669848
298200,-0.8922662417510703
298400,-0.9541589485204852
298600,-1.021790863622405
298800,-1.0247635593467297
299000,-0.9768795063061616
299200,-0.8881862069493535
299400,-0.8512524796155256
299600,-0.8206175873612666
299800,-0.7322641246287613
300000,-0.6736383910575712
300200,-0.6791448884986951
300400,-0.6841156005256431
300600,-0.5566761582665823
300800,-0.3550348247433183
301000,0.0070371764904383
301200,0.212661474868906
301400,0.4356066748881645
301600,0.5848621868415801
301800,0.5394413519133014
302000,0.5599268725909561
302200,0.6413807412169649
302400,0.7512597029627551
302600,1.1732464797426885
302800,1.407128888978302
303000,1.528809480286946
303200,1.6476411623570792
303400,1.6314929364041864
303600,1.485713232692692
303800,1.3376021226127397
304000,1.3670216190885238
304200,1.350410389892264
304400,1.5520307000032916
304600,1.5289579626183287
304800,1.4642931308246956
305000,1.3947237272147153
305200,1.2497518387904611
305400,1.054056601918052
305600,0.8724824632267452
305800,0.7419660122482469
306000,0.6294527130980574
306200,0.6586765815414867
306400,0.5396170637956286
306600,0.4028915830702435
306800,0.2964130568059419
307000,0.1494656069704761
307200,-0.0476553053621862
307400,-0.2376034300501821
307600,-0.3475980815012494
307800,-0.477351856690103
308000,-0.4611078590021137
308200,-0.5010798133803314
308400,-0.5678893965341354
308600,-0.6166167468105493
308800,-0.6422783135974965
309000,-0.6908035552968947
309200,-0.7532020568207616
309400,-0.8424029526986153
309600,-0.8972642618454735
309800,-0.942971088754133
310000,-0.8956205400299846
310200,-0.858726042394959
310400,-0.8760786995945463
310600,-0.8779335129549158
310800,-0.8761027115184444
311000,-0.869043961789794
311200,-0.9128886497699304
311400,-0.9993675345549684
311600,-1.0077283894916345
311800,-0.9988538256105364
312000,-0.9360921347161628
312200,-0.927361862065764
312400,-0.936679227264231
312600,-0.9298450435698326
312800,-0.91490406005396
313000,-0.9332751224640368
313200,-0.9713327560199556
313400,-1.024296964046879
313600,-1.0601621342525192
313800,-1.0095723321121817
314000,-0.9670182597458636
314200,-0.9762171204718434
314400,-0.9680992804865992
314600,-0.9569139070521036
314800,-0.9549480676693036
315000,-0.9810098067400992
315200,-1.0390531907046436
315400,-1.075224107670416
315600,-1.091958071801348
315800,-1.0334347678690878
316000,-0.9829745171783908
316200,-1.0027149664166135
316400,-0.988756972899316
316600,-0.972280625556018
316800,-0.9684701138566092
317000,-0.9774891389646354
317200,-1.046203133417996
317400,-1.088718048149988
317600,-1.1127468257014366
317800,-1.044625604959588
318000,-1.0013530216517532
318200,-0.9993457901246892
318400,-0.9941180824337832
318600,-0.9789665301097072
318800,-0.95751551414434
319000,-1.0119461104704828
319200,-1.0939785886044102
319400,-1.1019441258246638
319600,-1.0575005028425752
319800,-0.993758566766909
320000,-0.938247019316092
320200,-0.8911257025114416
320400,-0.7966210737370686
320600,-0.721200582668075
320800,-0.6871940951870806
321000,-0.7138707601792369
321200,-0.6220405972689699
321400,-0.5571379372960703
321600,-0.2585828694711857
321800,0.0668707254260516
322000,0.2132318175511905
322200,0.439563084717202
322400,0.6099834818129799
322600,0.5855897209224009
322800,0.6403551158670191
323000,0.7605689525499352
323200,0.8175121513836172
323400,1.093916376920092
323600,1.253209508401594
323800,1.1595903388621107
324000,1.119194254708148
324200,1.0103442760894847
324400,0.7767107244223154
324600,0.6653147769163946
324800,0.594226444934791
325000,0.3520757005600149
325200,0.3392269521100944
325400,0.3237787462686267
325600,0.1843764472606797
325800,0.0814544794146211
326000,-0.0509954137736165
326200,-0.1888574593808636
326400,-0.3483625813889526
326600,-0.4581194459506219
326800,-0.5661127396619413
327000,-0.5996521932715622
327200,-0.5879385831557848
327400,-0.6420699859070257
327600,-0.6870755129015047
327800,-0.7156901639041654
328000,-0.741153978592341
328200,-0.7993821939059548
328400,-0.8800325813028671
328600,-0.9188063274254408
328800,-0.9557442010242522
329000,-0.9133940658436795
329200,-0.9027896354503516
329400,-0.9321015822673372
329600,-0.918390790911362
329800,-0.9093938026921464
330000,-0.9056688819255866
330200,-0.9534514604533568
330400,-1.0138529308860385
330600,-1.042087395321726
330800,-1.01637964781525
331000,-0.9579017079359352
331200,-0.971215962041952
331400,-0.9656832289206184
331600,-0.9473120650304048
331800,-0.9535294740791278
332000,-0.9437808434529852
332200,-0.9994932318335498
332400,-1.0386081163199243
332600,-1.0820256391444183
332800,-1.0238428425348638
333000,-0.9740731025324184
333200,-0.9991344012265776
333400,-0.9822025626663448
333600,-0.9783721372955888
333800,-0.9518334012390356
334000,-0.9799542546477142
334200,-1.048763049699076
334400,-1.0688997210467015
334600,-1.0883740984636934
334800,-1.0265324176399666
335000,-0.9924687131095477
335200,-1.0027210407007452
335400,-0.9749197170218452
335600,-0.9670750761165736
335800,-0.9637378253795912
336000,-1.016850836752161
336200,-1.0686690657367983
336400,-1.10094963032027
336600,-1.0490759757048842
336800,-0.995240496532638
337000,-0.9980522294473788
337200,-0.9935446890500208
337400,-0.9928546123712202
337600,-0.9655354441323468
337800,-0.992023313869792
338000,-1.0734971216539324
338200,-1.074097250166626
338400,-1.082245770187544
338600,-1.0158938576364902
338800,-0.997913200640123
339000,-0.9956972424617994
339200,-0.9976761732365432
339400,-0.9800154329526394
339600,-0.9000233944623707
339800,-0.7923369127744546
340000,-0.7222803224687326
340200,-0.617736098576141
340400,-0.3569690937042772
340600,-0.1597972259871063
340800,-0.0500973971910104
341000,0.1271668000077054
341200,0.293191309465072
341400,0.334552136978262
341600,0.3728962466798767
341800,0.4958667915277615
342000,0.6219531534778744
342200,0.996021226627824
342400,1.327652292396891
342600,1.4019003721752223
342800,1.5044314885550358
343000,1.505947621964242
343200,1.3538753675155937
343400,1.110578101726973
343600,0.965854516850548
343800,0.842411324914389
344000,0.8857305585052203
344200,1.002424151808435
344400,0.885627974306758
344600,0.789768260241874
344800,0.6591108648092142
345000,0.4766670562350133
345200,0.1907323831783105
345400,-0.0045005585797143
345600,-0.137082406560941
345800,-0.2737196063315235
346000,-0.260363265315168
346200,-0.3189695689977594
346400,-0.4143511257420831
346600,-0.468532719013524
346800,-0.5549643858926812
347000,-0.5952995026218129
347200,-0.7109514558907755
347400,-0.7918884439803809
347600,-0.8565801917263677
347800,-0.8793026870118056
348000,-0.8311191214207715
348200,-0.8402726405117846
348400,-0.8591116295875426
348600,-0.8600621157977026
348800,-0.86138176641088
349000,-0.8527014762681603
349200,-0.8883091311606597
349400,-0.9633851499833256
349600,-0.9903864710208344
349800,-1.012603049233307
350000,-0.9538233531802384
350200,-0.9326767857094548
350400,-0.946329148024822
350600,-0.9182800566379908
350800,-0.875948513298756
351000,-0.8118184899829655
351200,-0.7825287292400803
351400,-0.7869835894125496
351600,-0.6958961041085188
351800,-0.5344718448675583
352000,-0.2117652064127717
352200,-0.0105674509957109
352400,0.1482614625869684
352600,0.3019406580360184
352800,0.4959992965004599
353000,0.479808563385266
353200,0.5502534539916402
353400,0.7181230228096807
353600,0.7672914267893478
353800,1.046500766659903
354000,1.1662638013171631
354200,1.0886614538342745
354400,1.047087394106437
354600,0.9289985959899028
354800,0.7720072140368206
355000,0.570042992354429
355200,0.3934005544931943
355400,0.3221550412856355
355600,0.2533329027956297
355800,0.3760983671256396
356000,0.3059436194999336
356200,0.2412126239837033
356400,0.1756425270157192
356600,0.0660233102077008
356800,-0.0897543662620996
357000,-0.2336574525678979
357200,-0.2949563756996216
357400,-0.4045574452888832
357600,-0.3635342624137159
357800,-0.3356795245795231
358000,-0.4026304992634851
358200,-0.4640988688448471
358400,-0.5133913177505903
358600,-0.5828065529499273
358800,-0.6490392252311509
359000,-0.746566094070495
359200,-0.8408681249836103
359400,-0.9201461612148548
359600,-0.9014929671062069
359800,-0.8603873035842016
360000,-0.8969190196066812
360200,-0.9136462273794526
360400,-0.9142877166568734
360600,-0.9087652301894888
360800,-0.8990208501958152
361000,-0.96036898766419
361200,-0.9998330775492325
361400,-0.9992676634923028
361600,-0.9146079767038524
361800,-0.7769409721849632
362000,-0.7014748659549304
362200,-0.5990749809828755
362400,-0.4882083361287033
362600,-0.3948567986061962
362800,-0.3068208262285006
363000,-0.2636098682493782
363200,-0.2459505559604411
363400,-0.095890488093952
363600,0.0600212752708093
363800,0.439678107272633
364000,0.6719501673760351
364200,0.7825505944828588
364400,0.8837053553259316
364600,0.9870770239604996
364800,0.8837215904996945
365000,0.8279891082069275
365200,0.8941013346349334
365400,0.915560985185742
365600,1.1040541762330676
365800,1.2704007571059264
366000,1.179150193833505
366200,1.1064215277124445
366400,1.0547496667594003
366600,1.0384578589055864
366800,0.8052206917690283
367000,0.5852732172688194
367200,0.4910398506700923
367400,0.3047166895176186
367600,0.3532162988559083
367800,0.3000085060231761
368000,0.1552815496680113
368200,0.0799165498248038
368400,-0.0505191735578375
368600,-0.2037562978240566
368800,-0.4040132363512291
369000,-0.5321879772511112
369200,-0.6370772086616421
369400,-0.6843107400199624
369600,-0.6616076812121251
369800,-0.7099764744151779
370000,-0.7478402366404764
370200,-0.7660372036302164
370400,-0.7882766530666214
370600,-0.7983440375428938
370800,-0.8739463899294356
371000,-0.9531441911046398
371200,-0.9720845682143788
371400,-0.966401731456168
371600,-0.9200951179464042
371800,-0.9234909740113976
372000,-0.9331141563215694
372200,-0.9341498286289178
372400,-0.9189414311930492
372600,-0.8882757583500704
372800,-0.907996719500492
373000,-0.9199764667543832
373200,-0.8421715350154917
373400,-0.6741528504901495
373600,-0.4562184346342355
373800,-0.349087111031733
374000,-0.2163848267450847
374200,-0.0778219000120622
374400,0.0328877188702053
374600,0.0874892501617865
374800,0.1140703515163723
375000,0.2377782544850793
375200,0.292182865854657
375400,0.7819718823931875
375600,1.0978940844753875
375800,1.251963282183875
376000,1.4255892630861864
376200,1.567132709232916
376400,1.5112355568902216
376600,1.4974721451660706
376800,1.5749653501992356
377000,1.5512761959682313
377200,1.8293223345216791
377400,1.9806839400947025
377600,1.910587363075389
377800,1.819388203804644
378000,1.6924226380092855
378200,1.509859069290333
378400,1.2470833581454486
378600,1.012264530298625
378800,0.8291630256251319
379000,0.645449229331249
379200,0.6362032450927271
379400,0.4863240985920411
379600,0.311693989607015
379800,0.1894921967364875
380000,0.0142787022975083
380200,-0.1256317616389022
380400,-0.3035336006224172
380600,-0.4530942300900866
380800,-0.5690019366135229
381000,-0.6219842310530118
381200,-0.628700085919457
381400,-0.6869671722166549
381600,-0.7354164143740259
381800,-0.7553166832024649
382000,-0.7711732482723739
382200,-0.7732620450505974
382400,-0.8348427045356417
382600,-0.9058473800132186
382800,-0.9270244180737728
383000,-0.9346774688243186
383200,-0.8753287296479774
383400,-0.8673179135506706
383600,-0.8794031049301924
383800,-0.8814969455305502
384000,-0.8741790865537643
384200,-0.8708227352977018
384400,-0.9301166165389152
384600,-1.0130586954141512
384800,-1.0167663277643757
385000,-0.9843649430640324
385200,-0.8551233495508885
385400,-0.7925885497478158
385600,-0.72118220878356
385800,-0.582114505417712
386000,-0.4675090763484488
386200,-0.4288201499690846
386400,-0.4222198574303229
386600,-0.3568095577709461
386800,-0.2654624508257529
387000,0.0115481121688065
387200,0.2802933692893041
387400,0.3646835716472472
387600,0.4796647348468432
387800,0.577960290317312
388000,0.6088654646131755
388200,0.5686978139708642
388400,0.5576471168954185
388600,0.67748623295263
388800,0.8056233672877947
389000,1.1181466215596585
389200,1.1442990913676594
389400,1.1207934789034726
389600,1.0624817552623214
389800,0.9629139022196432
390000,0.8131689080080204
390200,0.6109569833534533
390400,0.5715924360191297
390600,0.4608794081484473
390800,0.568736649106216
391000,0.5981088518302697
391200,0.4503764784358332
391400,0.3824635724113024
391600,0.2168967977311095
391800,0.008727803055385
392000,-0.1867299153216685
392200,-0.2999901780634695
392400,-0.4330048345639428
392600,-0.4315284819293731
392800,-0.4124002710764977
393000,-0.4909115033597982
393200,-0.5612881393738154
393400,-0.6057313513236028
393600,-0.651129657141664
393800,-0.7099007672018939
394000,-0.8000643328030416
394200,-0.8463103506604097
394400,-0.9092882579539684
394600,-0.8659780374967142
394800,-0.8423928076570099
395000,-0.8622484115096557
395200,-0.8786994344778171
395400,-0.8790959949407967
395600,-0.8742931940711263
395800,-0.88009341286646
396000,-0.9583909261868788
396200,-0.9728769345726128
396400,-0.9694802036096756
396600,-0.85751658189031
396800,-0.7524639577540823
397000,-0.7077950928461586
397200,-0.6426223838891849
397400,-0.5416898802956741
397600,-0.428150584466102
397800,-0.3696266116333228
398000,-0.3006145482368981
398200,-0.1843034122988612
398400,-0.0464804089078681
398600,0.3732099307657042
398800,0.7831274550419931
399000,0.9899662793596864
399200,1.2796939960101288
399400,1.4482017188357033
399600,1.5180971486847668
399800,1.586108503717966
400000,1.6460685995964968
400200,1.8009436879398095
400400,1.9651756642655973
400600,2.311220316475844
400800,2.458830539403424
401000,2.502726103850496
401200,2.4802528053585773
401400,2.368827184174779
401600,2.122508092707186
401800,1.881125452679565
402000,1.7941699750193394
402200,1.563287811148104
402400,1.6210263168213748
402600,1.611173491340946
402800,1.395627449330865
403000,1.222775301094304
403200,1.0503567201184596
403400,0.7993657200198261
403600,0.5016754554865878
403800,0.3135500578052582
404000,0.1347687656777823
404200,0.0146787972418069
404400,0.0234284452757262
404600,-0.0993369354189354
404800,-0.2132089389885883
405000,-0.2631374819139868
405200,-0.3632410252729556
405400,-0.4427208250098545
405600,-0.5908228245793319
405800,-0.7086515722380972
406000,-0.7968836639152997
406200,-0.8391386015017587
406400,-0.8165200640441014
406600,-0.8530024273906793
406800,-0.875295715030719
407000,-0.884960144098002
407200,-0.8910802433095598
407400,-0.8606442422039621
407600,-0.8838884145354304
407800,-0.959834145345257
408000,-0.9767811813279776
408200,-1.0115369326887749
408400,-0.9256776484089984
408600,-0.8780392857057523
408800,-0.8351835434191486
409000,-0.7788070476761718
409200,-0.7211797318371108
409400,-0.6586924500612883
409600,-0.61783559343836
409800,-0.6377557538000134
410000,-0.5030843273536012
410200,-0.3440802376366111
410400,-0.0091266450757429
410600,0.2832223437289921
410800,0.4670067947574715
411000,0.6711278950864232
411200,0.8276016875855401
411400,0.9281921404931244
411600,1.0046853977009067
411800,1.1196625723018647
412000,1.3027223904848788
412200,1.6906844294832015
412400,2.0874197558930274
412600,2.2300215413472544
412800,2.3805864090876043
413000,2.449348363215025
413200,2.457266250731019
413400,2.4250816097432213
413600,2.463333291144502
413800,2.6291954296703377
414000,2.9188821574944366
414200,3.2828559630049425
414400,3.3776499030337246
414600,3.469865169970479
414800,3.473243837562034
415000,3.395699226762172
415200,3.2719060970082747
415400,3.1544077699735453
415600,3.083591238612013
415800,3.069859322785459
416000,3.203761788675615
416200,3.0815327114677
416400,2.93283624939914
416600,2.7779955913049
416800,2.631217244905156
417000,2.459155647589539
417200,2.190126677336852
417400,2.086764686395969
417600,1.875382547823084
417800,1.9055693028957923
418000,1.810534737095332
418200,1.6084556719895529
418400,1.469021074976122
418600,1.2613631273189387
418800,1.0304203528993603
419000,0.7913233727506482
419200,0.6254803263460775
419400,0.4247194690023275
419600,0.3480265890477542
419800,0.3521050320173446
420000,0.2288686906939488
420200,0.0926019377778021
420400,-0.0389283943718736
420600,-0.1718052027552601
420800,-0.2624775524243797
421000,-0.3710968238892831
421200,-0.4634922225840337
421400,-0.5385723137163251
421600,-0.5940020654061994
421800,-0.5520719415947383
422000,-0.5927738137417103
422200,-0.6527631104997982
422400,-0.6884307929847399
422600,-0.7445815133337995
422800,-0.76422782417319
423000,-0.8248387691255863
423200,-0.9191002784332802
423400,-0.9426391731747452
423600,-0.9475557390948556
423800,-0.896496649283183
424000,-0.8662484823953412
424200,-0.8894151531445984
424400,-0.8945465658000793
424600,-0.8913145952262802
424800,-0.8708861278802966
425000,-0.9118882056318228
425200,-0.958278250821346
425400,-0.9475277290844828
425600,-0.8729816788231302
425800,-0.7399917153872613
426000,-0.6347578606006961
426200,-0.5186425030134905
426400,-0.2568604256295783
426600,-0.02190970733915
426800,0.1615446902503201
427000,0.3040050541481832
427200,0.423607589648781
427400,0.6387652228931594
427600,1.0291085440915748
427800,1.4679359703981762
428000,1.6663323671012091
428200,1.9402235002224448
428400,2.073867256569644
428600,2.1507507510775192
428800,2.146632379270179
429000,2.191941663783466
429200,2.337024542936124
429400,2.522567676345341
429600,2.869305468980225
429800,3.025123320675655
430000,3.102752082854422
430200,3.1308269501216213
430400,3.119704567784852
430600,3.075876834975777
430800,3.01023968813478
431000,3.008794056265532
431200,2.926853548951542
431400,3.049206098321505
431600,3.013212508878512
431800,2.893069919578531
432000,2.7947958006679414
432200,2.620788334511591
432400,2.48644684913259
432600,2.314537189201733
432800,2.2408310345379965
433000,2.0740317643935176
433200,2.098275415956271
433400,1.953821080750056
433600,1.7508958729832458
433800,1.5782325709685243
434000,1.388330718057632
434200,1.1687069810202044
434400,0.8907811561755237
434600,0.749943317268998
434800,0.5128087128768639
435000,0.5430841837243322
435200,0.4823888942723213
435400,0.3307283128654326
435600,0.2010907302604513
435800,0.078237556396173
436000,-0.0253062099831498
436200,-0.1786249679413296
436400,-0.2610334094281605
436600,-0.2623737832670715
436800,-0.3204554925475883
437000,-0.3027904745288911
437200,-0.3731215002047753
437400,-0.4477241347801222
437600,-0.5103015450341482
437800,-0.5542886408798703
438000,-0.5838126896842775
438200,-0.6338592702804186
438400,-0.7383082350535317
438600,-0.7632988448884451
438800,-0.8089527765126352
439000,-0.7294657953753325
439200,-0.6417760117529068
439400,-0.598851327607023
439600,-0.5184527005031254
439800,-0.4522209973747774
440000,-0.3829019943049587
440200,-0.3362443017607068
440400,-0.3015799555131115
440600,-0.0515388210671555
440800,0.2765524640392889
441000,0.794029813126949
441200,1.1581628692424577
441400,1.4340853878293365
441600,1.6772453433890708
441800,1.8258291086627616
442000,1.8985099597366248
442200,2.022972103136854
442400,2.186812321505336
442600,2.3142164083398344
442800,2.651233680048686
443000,2.910789933953233
443200,2.988143355530989
443400,3.063570599807957
443600,3.13071571510208
443800,3.036252518951098
444000,2.896105690570392
444200,2.8524248476702527
444400,2.706034628676057
444600,2.801051254263604
444800,2.8268114397816286
445000,2.6970818364071354
445200,2.602544361877371
445400,2.439782404536471
445600,2.1997142171956376
445800,1.9643260900681017
446000,1.9185946998428176
446200,1.666481537501106
446400,1.6599020285583004
446600,1.622554500621141
446800,1.4122056834235708
447000,1.2238456958072452
447200,1.031757110862248
447400,0.7822833766271563
447600,0.5083152458457866
447800,0.3086044821375753
448000,0.1097765990297577
448200,0.0348015653738632
448400,0.0399125581049764
448600,-0.0316254904463009
448800,-0.1244127961303324
449000,-0.1781886109250461
449200,-0.2667831580353403
449400,-0.3482324690784791
449600,-0.4253311308106576
449800,-0.5184703964907944
450000,-0.6114823298341496
450200,-0.5873619720642159
450400,-0.5669012210141309
450600,-0.6112866137742206
450800,-0.6593499121423246
451000,-0.701123753242541
451200,-0.7473669293381283
451400,-0.7709314896556703
451600,-0.8281234893434299
451800,-0.9114781537289284
452000,-0.9452571657192992
452200,-0.9174642343966716
452400,-0.8283240262256495
452600,-0.7706752546762118
452800,-0.7462165322905945
453000,-0.6887361180188265
453200,-0.6124232202965375
453400,-0.5765041536883271
453600,-0.5467039626103641
453800,-0.4268808314263925
454000,-0.3306848998254474
454200,0.0724761500044306
454400,0.521577587947845
454600,0.7849483818365648
454800,1.0892991315146434
455000,1.2476262735809436
455200,1.30986450668091
455400,1.3776488736690813
455600,1.4854029107519595
455800,1.5802634009729477
456000,1.86471297699032
456200,2.182902372063496
456400,2.2720034289586093
456600,2.376927815930173
456800,2.3980068104629533
457000,2.286262875539142
457200,2.240300883608049
457400,2.296879604494018
457600,2.3419229716702685
457800,2.5990624669848827
458000,2.8276237129053645
458200,2.858152043781557
458400,2.9298649468838933
458600,2.982690599185246
458800,2.793072053577238
459000,2.594657616102418
459200,2.549180310128373
459400,2.4134342868424907
459600,2.540092850667309
459800,2.6011589170509195
460000,2.4983708060028453
460200,2.423169156826063
460400,2.3383531851884105
460600,2.119768564567343
460800,1.83548499611611
461000,1.721311353433642
461200,1.406572543029243
461400,1.3748421476340291
461600,1.3007156608351331
461800,1.085935052423738
462000,0.9056261871279576
462200,0.7592977465710266
462400,0.5518785935388059
462600,0.2853882043287423
462800,0.0743975274710948
463000,-0.0532409438575086
463200,-0.1790749106691656
463400,-0.1139161681018769
463600,-0.151030696156875
463800,-0.2395841608644509
464000,-0.3068882606563822
464200,-0.3352390493989985
464400,-0.3877059970674321
464600,-0.4528254976483305
464800,-0.5688259379604022
465000,-0.6228866732844688
465200,-0.7110285051550189
465400,-0.7021292869742551
465600,-0.6782852390209072
465800,-0.7181291982118609
466000,-0.7282556505704301
466200,-0.7379817580985779
466400,-0.7404981289636723
466600,-0.7546688123664514
466800,-0.8427517116297719
467000,-0.8593371367620696
467200,-0.8888239772892738
467400,-0.825127653336063
467600,-0.8054124556958742
467800,-0.7984202937949808
468000,-0.7696869834116304
468200,-0.7278930273788616
468400,-0.6763454366616023
468600,-0.5770831537733864
468800,-0.4441879032904685
469000,-0.4499838258137578
469200,-0.3351115983734237
469400,-0.1711863505222327
469600,0.1437398174871082
469800,0.3038777080895165
470000,0.4715661715723105
470200,0.6367973738384716
470400,0.723790321542946
470600,0.7478802823059333
470800,0.7324016931048761
471000,0.7358715072838161
471200,0.6731723039358765
471400,0.8209582961335269
471600,0.8662195355592321
471800,0.813606508185119
472000,0.7603042261095263
472200,0.6669551332579653
472400,0.5233989751198339
472600,0.3005327368488319
472800,0.1320966461078587
473000,0.0207978846062635
473200,-0.1237826103758077
473400,-0.1128532206051339
473600,-0.2033422146122805
473800,-0.3292259558124604
474000,-0.4333589539447782
474200,-0.4902970620810223
474400,-0.5625541123786401
474600,-0.6093425802734216
474800,-0.688095518641565
475000,-0.764069796964807
475200,-0.8139154252260652
475400,-0.8004761336242622
475600,-0.7711193526283843
475800,-0.778472624032358
476000,-0.7773924076227389
476200,-0.7295405619567411
476400,-0.6857326783543523
476600,-0.673592982626968
476800,-0.6870937005775707
477000,-0.6715686296689151
477200,-0.6101382466800723
477400,-0.3900640114013793
477600,-0.0710705723806709
477800,0.0635036511269966
478000,0.2233518711916884
478200,0.4110255573568551
478400,0.558833239141483
478600,0.5317615440793734
478800,0.5726042781127265
479000,0.7844523840602262
479200,0.9318456865263808
479400,1.3100009128159802
479600,1.5851473253399728
479800,1.6380681935105466
480000,1.7154375564715754
480200,1.6945729945986632
480400,1.5849962756917029
480600,1.4916193549062022
480800,1.4518117092696097
481000,1.5761182333000976
481200,1.7928332918620478
481400,2.077859315467467
481600,2.0560785797319374
481800,2.004520186725508
482000,1.9270993347103629
482200,1.815727087262012
482400,1.6108884806459611
482600,1.358260938769337
482800,1.239291880618686
483000,0.9704191900073732
483200,0.9483917337196894
483400,0.9246163796507288
483600,0.7556781051473742
483800,0.6115741008487281
484000,0.4558530038150997
484200,0.262442669122057
484400,0.0515314326248199
484600,-0.1481761127385779
484800,-0.2546504061220049
485000,-0.4223680931886357
485200,-0.4461609155450021
485400,-0.4782506647573951
485600,-0.5622539528975383
485800,-0.5951126545397329
486000,-0.6256620484359071
486200,-0.642882966651866
486400,-0.6513430310433777
486600,-0.7172980234443157
486800,-0.7853694804201732
487000,-0.8093565616861637
487200,-0.8215458975565129
487400,-0.7583473793668281
487600,-0.7489136662086443
487800,-0.7517020761950638
488000,-0.7468714928954386
488200,-0.7355001771480588
488400,-0.7020583313479674
488600,-0.7565223573505455
488800,-0.8098710789499017
489000,-0.7657001013995189
489200,-0.6405348821061082
489400,-0.397627053108785
489600,-0.214016564780434
489800,-0.0928415898247863
490000,0.1269208560045187
490200,0.2796305216907672
490400,0.3325536564488137
490600,0.4339501974537864
490800,0.5785735107147041
491000,0.7422136336088827
491200,1.0859588961201785
491400,1.348977436045615
491600,1.3536940417319985
491800,1.3865359077564288
492000,1.3563715456077152
492200,1.2556252255033662
492400,1.0840409343223307
492600,0.9409202748049678
492800,0.9166564514819886
493000,0.7538930880921048
493200,0.8080681319512025
493400,0.726395201786442
493600,0.5287660370895805
493800,0.4045265737357156
494000,0.2133358375990006
494200,0.0779936777601526
494400,-0.1327310631920079
494600,-0.2684500735276136
494800,-0.3850578500247684
495000,-0.4605306914309106
495200,-0.4518186265395174
495400,-0.5097704741120477
495600,-0.5739361795037909
495800,-0.613598394707706
496000,-0.6371918350433059
496200,-0.6377520041474998
496400,-0.6842830846314549
496600,-0.7666795051462005
496800,-0.7775838473571669
497000,-0.8065623560473245
497200,-0.7325463589224371
497400,-0.7242717468843363
497600,-0.7339679531426315
497800,-0.7180022052462619
498000,-0.6866632068569211
498200,-0.6639591290867879
498400,-0.6606676233072176
498600,-0.6954347990075768
498800,-0.6323936729493713
499000,-0.5817037985368222
499200,-0.341094497031255
499400,-0.0885784189099866
499600,-0.0018517037431106
499800,0.1537530094462303
500000,0.3345226165190685
500200,0.4462961368515325
500400,0.461342207916278
500600,0.5171788989988679
500800,0.6947119863819015
501000,0.7732786586976191
501200,1.116608550885507
501400,1.327337470298893
501600,1.3182252970416857
501800,1.302033334648574
502000,1.2218054409990038
502200,1.0607213996290084
502400,0.888908893380257
502600,0.7176843000392988
502800,0.6953094717450629
503000,0.5598103863410729
503200,0.6053454229059956
503400,0.5147289338410211
503600,0.3245881404485276
503800,0.1490753532835644
504000,-0.0186432788797994
504200,-0.1779355423546211
504400,-0.331171665489157
504600,-0.4937904565607722
504800,-0.579434848002318
505000,-0.6550812511799208
505200,-0.5772192727130799
505400,-0.5951096895296943
505600,-0.6125033628659516
505800,-0.6374673338829339
506000,-0.6419880969444269
506200,-0.6531465048800247
506400,-0.6783811224110193
506600,-0.7775024240562596
506800,-0.8087836202412392
507000,-0.8683002569286008
507200,-0.8282152784869596
507400,-0.7654568874797312
507600,-0.768929157643037
507800,-0.7397166110418399
508000,-0.6460150014215262
508200,-0.535692541305921
508400,-0.4561828369867169
508600,-0.3758934827752094
508800,-0.267879398821408
509000,-0.1142415971271613
509200,0.2701134622977065
509400,0.6306895966332358
509600,0.7744392875817248
509800,0.943740620049897
510000,1.1042485704282894
510200,1.1727095449299272
510400,1.1445247203152942
510600,1.1153166450409766
510800,1.136334784833913
511000,1.0793689741116683
511200,1.2533393551771832
511400,1.3179157845460443
511600,1.2607638318249743
511800,1.1802299699944745
512000,0.9670486885389702
512200,0.6964539266477862
512400,0.3906232376396087
512600,0.118814820049189
512800,-0.0692663194623069
513000,-0.2809395720363144
513200,-0.3080007241121467
513400,-0.3729366977647017
513600,-0.4548927450113367
513800,-0.5206583923025507
514000,-0.5502541444333712
514200,-0.5796478214649091
514400,-0.6100111641513459
514600,-0.6853238194141766
514800,-0.7566871538644477
515000,-0.8072417650059621
515200,-0.7735873193927142
515400,-0.7153007342266255
515600,-0.7246282118732684
515800,-0.738796268294163
516000,-0.7109081667821636
516200,-0.6479589091669403
516400,-0.5656745309877194
516600,-0.5199721241092613
516800,-0.507384594132557
517000,-0.3563852839154064
517200,-0.159144741608586
517400,0.2377298195155523
517600,0.4584307694654042
517800,0.5774920916222887
518000,0.7242872406218516
518200,0.8085094794489311
518400,0.7433028767750105
518600,0.5904165735945399
518800,0.4575442073960115
519000,0.3969670923902807
519200,0.3360612098905001
519400,0.4495628909921021
519600,0.3790682082440429
519800,0.275497857873008
520000,0.2010136962146711
520200,0.0839791098000075
520400,-0.0402520013014177
520600,-0.2081139381601089
520800,-0.3360553466272988
521000,-0.4123666016009409
521200,-0.4654646341525164
521400,-0.4080711084015954
521600,-0.4508187849209148
521800,-0.4877692428182686
522000,-0.5148868944359284
522200,-0.5647963053955803
522400,-0.5708501155217028
522600,-0.6116255609079563
522800,-0.7136680675615665
523000,-0.7170420887226678
523200,-0.7546012034369891
523400,-0.6887149900217531
523600,-0.6424755192342839
523800,-0.663410623808426
524000,-0.6738410948991048
524200,-0.6805113219420766
524400,-0.6679107678798585
524600,-0.6722266325748927
524800,-0.7591802577280079
525000,-0.7776026424409002
525200,-0.8116554772059673
525400,-0.753505597334879
525600,-0.7192716194173129
525800,-0.7315488467134298
526000,-0.7148917705345879
526200,-0.7085626433127615
526400,-0.717370847147381
526600,-0.7180369403178007
526800,-0.7831865246346633
527000,-0.8253648295803709
527200,-0.8633735782679223
527400,-0.8059502662828305
527600,-0.7518869602022931
527800,-0.7719691807645485
528000,-0.7808380284771359
528200,-0.7791969725275634
528400,-0.7763917304924415
528600,-0.7643916897725169
528800,-0.8179687449530847
529000,-0.8683127352254315
529200,-0.8347104787380055
529400,-0.6552575053724314
529600,-0.4160564137585821
529800,-0.284271985458592
530000,-0.1658175867872454
530200,-0.0028655206637429
530400,0.1495189656501093
530600,0.1644913352013877
530800,0.2409978064376438
531000,-0.28495828197013606
531200,-0.3009893832189911
531400,-0.3048761569798997
531600,-0.30429742823280825
531800,-0.3082730978788143
532000,-0.3050111936875544
532200,-0.30039986728300827
532400,-0.3028187172300356
532600,-0.2922995545502482
532800,-0.27673631809257926
533000,-0.2661366058198293
533200,-0.26247392212888293
533400,-0.2542414860168549
533600,1.23033845616009
533800,1.0942893275217167
534000,0.8839673325606944
534200,0.9345438156946099
534400,0.6272758581333892
534600,0.22510945665759816
534800,-0.14037073900052405
535000,-0.2845280542321622
535200,-0.3715807473240875
535400,-0.4353630330805809
535600,-0.48419498368108693
535800,-0.5295431447013121
536000,-0.5504923379599744
536200,-0.5722614363129855
536400,-0.6022189558978036
536600,-0.6273325552387683
536800,-0.6481458456651203
537000,-0.672600245404636
537200,-0.694638472309696
537400,-0.7269737402897072
537600,-0.754444773465763
537800,-0.7830501149861182
538000,-0.7959643485542091
538200,-0.693826834768877
538400,-0.8368607863223173
538600,-0.8386289404372407
538800,-0.8287613003449102
539000,-0.8231971974499993
539200,-0.8062988692051625
539400,-0.7858222650539891
539600,-0.7615455783460633
539800,-0.7539827353313504
540000,-0.7351179104254781
540200,-0.5354311388480817
540400,-0.8002474137143165
540600,-0.8514212079061144
540800,-0.8544957929559688
541000,-0.8453103835070634
541200,-0.8728695645514688
541400,-0.892572365061548
541600,-0.9086063402694873
541800,-0.9203863836011862
542000,-0.6950996443194531
542200,-0.23344244727801625
542400,-0.49488713507616144
542600,-0.6253774756754646
542800,-0.120833486407555
543000,0.9103461727891188
543200,0.8258233937903562
543400,0.8397887838780197
543600,0.9299334136793066
543800,0.7814600316515904
544000,0.6131962741354885
544200,0.4514841686142169
544400,0.2168816992175213
544600,-0.0094560566575991
544800,-0.1948498148670207
545000,-0.3456783189021255
545200,-0.5051894124652652
545400,-0.5459773652280152
545600,-0.5669137965919439
545800,-0.642063151847998
546000,-0.7215253875899313
546200,-0.7540763522260252
546400,-0.7970022220184642
546600,-0.8301378472619855
546800,-0.9050148889211304
547000,-0.9596708525998272
547200,-1.0056132644189526
547400,-0.9672273458128706
547600,-0.9198227321501784
547800,-0.941781640863972
548000,-0.9510739320801016
548200,-0.9565048760882584
548400,-0.9634322167181636
548600,-0.982728496981079
548800,-1.039955224986408
549000,-1.0743964195051106
549200,-1.1224207631163428
549400,-1.0758251908736047
549600,-1.023879037704256
549800,-1.0496692494795403
550000,-1.0633426676866806
550200,-1.0544941021948224
550400,-1.040177573373386
550600,-1.0285850337301357
550800,-1.0721754865806736
551000,-1.120092341649276
551200,-1.1412401804472196
551400,-1.0818034432263293
551600,-0.9975676844764912
551800,-0.9740804524508992
552000,-0.945886525307998
552200,-0.8656545041536744
552400,-0.8208261115353944
552600,-0.7996320962081689
552800,-0.8072320305296178
553000,-0.7789339794299984
553200,-0.6885716849650788
553400,-0.4988883596268135
553600,-0.1930667300908462
553800,-0.0768858427181883
554000,0.0522103067407713
554200,0.1604445154038968
554400,0.2155607568360249
554600,0.2157242068898688
554800,0.2255582360883057
555000,0.348335307681392
555200,0.4616128652822571
555400,0.8170743298571936
555600,0.9718201868842132
555800,1.041909108876425
556000,1.0909304240085171
556200,1.0390377666446595
556400,0.9343944596992056
556600,0.8252684728789313
556800,0.8271697090970022
557000,0.7969566395979463
557200,0.9950050639758335
557400,0.9504217042179868
557600,0.8796226223947357
557800,0.8049702238688776
558000,0.6461251798625353
558200,0.464268713120866
558400,0.2789106700845379
558600,0.1903133965321112
558800,0.0425781291851875
559000,0.0749113751155026
559200,-0.0109627943097029
559400,-0.1259207990424078
559600,-0.2041372868931877
559800,-0.3043504853480027
560000,-0.425018100924506
560200,-0.5567006482359156
560400,-0.6380979691688873
560600,-0.7587265392739402
560800,-0.755746078899717
561000,-0.7573253694279202
561200,-0.8191516668830102
561400,-0.8580968818901582
561600,-0.869809500426882
561800,-0.8810103796067956
562000,-0.872937755388901
562200,-0.903488993200706
562400,-0.979208065784519
562600,-0.9914456937949486
562800,-1.0021349648747917
563000,-0.9425364502904008
563200,-0.916810175958729
563400,-0.9376809957905098
563600,-0.9482630715212828
563800,-0.9690471941799244
564000,-0.9441964724350198
564200,-0.9371225053625376
564400,-0.9703994770676015
564600,-0.9195143059404598
564800,-0.8106193192147495
565000,-0.5841299091637978
565200,-0.432355045684033
565400,-0.3359851461747806
565600,-0.2128025222073331
565800,-0.1025168167088476
566000,-0.103066398060791
566200,-0.0583551755525306
566400,0.0585375510162168
566600,0.0959913017131441
566800,0.3556562205905814
567000,0.4994282201641403
567200,0.4439733162919893
567400,0.4199758863251367
567600,0.381377997114243
567800,0.2247837720011558
568000,0.0713277314514195
568200,0.0047221608233274
568400,-0.116191880866408
568600,-0.1346242019731393
568800,-0.0905265161901835
569000,-0.2061750519982824
569200,-0.3022286370574807
569400,-0.3952427661770578
569600,-0.5012440846202528
569800,-0.5973423324516026
570000,-0.7022537692695916
570200,-0.780867502425603
570400,-0.8643979225069772
570600,-0.85982748553663
570800,-0.8364034380411688
571000,-0.8752687672232519
571200,-0.8891643512747502
571400,-0.8799160443168204
571600,-0.8995171083489143
571800,-0.8836672957809181
572000,-0.926979400829006
572200,-0.9965604854402628
572400,-1.005322267811752
572600,-0.9996142889508522
572800,-0.9346591439152488
573000,-0.9320613521971992
573200,-0.9330876217352916
573400,-0.9075119466793145
573600,-0.8887910610660693
573800,-0.9023822313320974
574000,-0.9801987502919072
574200,-1.0014947622353705
574400,-1.0023855894512648
574600,-0.9087296805115872
574800,-0.8275606918591794
575000,-0.8011914929374482
575200,-0.7291656913702602
575400,-0.6658249576482583
575600,-0.604294495592154
575800,-0.5913444721804648
576000,-0.5731355222527541
576200,-0.4961953624288893
576400,-0.3012364603753885
576600,-0.0088302771009634
576800,0.0754418993023805
577000,0.2286508004310824
577200,0.3388532616978609
577400,0.3591984300643391
577600,0.323380583149481
577800,0.3198336614894932
578000,0.4254237614227615
578200,0.5431120552300731
578400,0.8160152956707225
578600,0.8310187100962838
578800,0.7693457417080165
579000,0.6952725278641027
579200,0.5774900486515928
579400,0.4069094720343193
579600,0.2045545348622711
579800,0.1711445368526178
580000,0.0610417737992492
580200,0.1630391174374369
580400,0.1363323448007925
580600,-0.0230177685163112
580800,-0.0888519665804429
581000,-0.2435656336642484
581200,-0.3695227667750217
581400,-0.5181532824272091
581600,-0.6356346966184827
581800,-0.7746717652519678
582000,-0.7901959424631629
582200,-0.7768356462364779
582400,-0.8396155889061376
582600,-0.8694114141265717
582800,-0.9022043076394062
583000,-0.92050272657022
583200,-0.9631001975681588
583400,-1.0311255418100649
583600,-1.074330279150768
583800,-1.104700864615249
584000,-1.0623432423031112
584200,-0.9986434135544184
584400,-0.975176964138651
584600,-0.9553375268108474
584800,-0.9035836943516125
585000,-0.832237251683414
585200,-0.8126100266202694
585400,-0.8082107531297202
585600,-0.7265774486021527
585800,-0.5988441306367472
586000,-0.3213924695988725
586200,-0.1433938819784856
586400,-0.0135306925040359
586600,0.134123773232014
586800,0.2200624370630019
587000,0.2543427057812235
587200,0.2913137469460368
587400,0.3821569557533965
587600,0.4908680001302332
587800,0.8290136555079727
588000,0.9591562353724602
588200,0.8938081650978054
588400,0.823482784951676
588600,0.6952881727109146
588800,0.561316733062926
589000,0.3671700105829568
589200,0.3162881252851666
589400,0.1800126050223139
589600,0.2854266346110915
589800,-0.13585098559364692
590000,-0.14905726064785502
590200,-0.16688974370296308
590400,-0.19090769535470622
590600,-0.22047120695987185
590800,-0.23469155650847337
591000,-0.23319843634097726
591200,-0.2300362152237062
591400,-0.2229927320478798
591600,-0.2151200526223091
591800,-0.21060840929175173
592000,-0.21364165657395667
592200,-0.2153800474961725
592400,0.9495191109883969
592600,0.6845087454607226
592800,0.4455427483242672
593000,0.1919790862438277
593200,-0.15049707477973465
593400,-0.4581317967632619
593600,-0.5322411230032292
593800,-0.5651350413860452
594000,-0.5911429538031276
594200,-0.6110629547552275
594400,-0.627623336907205
594600,-0.6503487943571103
594800,-0.6728896885167869
595000,-0.7035497139358295
595200,-0.7366559115978507
595400,-0.7672571980175288
595600,-0.8041480061004107
595800,-0.8311675127458276
596000,-0.8845911838382232
596200,-0.929294554421723
596400,-0.9545472848778048
596600,-0.9449737728446255
596800,-0.826323277547554
597000,-0.9644553966131292
597200,-0.9892577028790427
597400,-0.9678208027007226
597600,-0.9573060887521203
597800,-0.5988720927516986
598000,-0.6182766707951644
598200,-0.9330963692277865
598400,-0.9338590707255691
598600,-0.8557710827726038
598800,-0.6462306865745753
599000,-0.9274019933108262
599200,-0.9475823040912097
599400,-0.9282207566954018
599600,-0.7220266724732429
599800,-0.06377122563735718
600000,-0.001862603726549512
600200,-0.09363126682912778
600400,0.13034675809812807
600600,0.24872300683382265
600800,0.23671741676796806
601000,0.12752823099188484
601200,0.041464416040738035
601400,0.6227031923839207
601600,0.8709656991410021
601800,0.7264526735743813
602000,0.5645117627327053
602200,0.359761532375788
602400,0.1199548696155433
602600,-0.0574295456224088
602800,-0.1844944537295284
603000,-0.2980184457620454
603200,-0.3008731908983852
603400,-0.3693978925075861
603600,-0.4740695105147754
603800,-0.535520937222624
604000,-0.6498925112325901
604200,-0.7374801177414217
604400,-0.8735466805345745
604600,-0.9761951604053736
604800,-1.034747177565916
605000,-1.079314897668125
605200,-1.0232478023163851
605400,-1.0253094766370323
605600,-1.0445469169113286
605800,-1.0404858173607858
606000,-1.0515694945175826
606200,-1.0353294740677226
606400,-1.0695859649455188
606600,-1.1506460654014872
606800,-1.162020236170647
607000,-1.175697330083303
607200,-1.1111360835387778
607400,-1.0807839826635812
607600,-1.0945046729233017
607800,-1.0814555446338985
608000,-1.073298397066897
608200,-1.041292064435294
608400,-1.0720065661330462
608600,-1.1496525252536889
608800,-1.1267540467765162
609000,-1.0931441773743056
609200,-0.9780693235243092
609400,-0.9007239068749416
609600,-0.8577309896768756
609800,-0.7787658715310007
610000,-0.719321063649466
610200,-0.6752992270344181
610400,-0.6503671603617099
610600,-0.6267237366893713
610800,-0.500816169802443
611000,-0.3077799617104588
611200,0.0653258197702422
611400,0.2519593406777436
611600,0.4075874257037771
611800,0.526270445222989
612000,0.5657423162413698
612200,0.5311638097330111
612400,0.5128841029371809
612600,0.6152974281875708
612800,0.7112735942297747
613000,1.0772882898961158
613200,1.2606175576195104
613400,1.3198009280048948
613600,1.3475571949556433
613800,1.3427672635230217
614000,1.1731240626210382
614200,1.0144807195575332
614400,1.049191577653049
614600,0.9653357584398274
614800,1.1761355622073308
615000,1.2672701325863072
615200,1.1884489227984634
615400,1.146892409531328
615600,1.0755305227311078
615800,0.8789342875985264
616000,0.7028318920878209
616200,0.6217487549840555
616400,0.5217060707401519
616600,0.5159742085463709
616800,0.5866820979946611
617000,0.4182581478772337
617200,0.3109065164673149
617400,0.1732885675264676
617600,-0.0237540807293805
617800,-0.1844555520466871
618000,-0.3520257474819834
618200,-0.4646493854690047
618400,-0.6174189624579032
618600,-0.6484279917583452
618800,-0.6623189152746736
619000,-0.724855887695765
619200,-0.7871896376750102
619400,-0.8332578419565911
619600,-0.9033721001283812
619800,-0.9305532431886409
620000,-1.0205540026041904
620200,-1.075436517054592
620400,-1.128013258108745
620600,-1.0964819583983156
620800,-1.0440572147362976
621000,-1.0590567290953516
621200,-1.0671581010804907
621400,-1.063073341831247
621600,-1.0674807169799605
621800,-1.0310663114354734
622000,-1.0858216546698507
622200,-1.1527565986729376
622400,-1.1783458521159011
622600,-1.132277587078249
622800,-1.0519787702227228
623000,-0.9871090256721208
623200,-0.9184981325812156
623400,-0.826957728331308
623600,-0.7359470591108099
623800,-0.6631540680701785
624000,-0.618471723418946
624200,-0.5231403649679002
624400,-0.4155369709670794
624600,-0.1037429184485899
624800,0.2605735492627442
625000,0.4263351829364966
625200,0.589447877120282
625400,0.7318614208227661
625600,0.811787992391263
625800,0.8400715962487553
626000,0.8289956800323784
626200,0.9461442338900709
626400,1.0283109914742452
626600,1.3158849102993355
626800,1.338769200454998
627000,1.333770884255426
627200,1.2813742432764472
627400,1.1775579232139108
627600,1.042298793343565
627800,0.8225537528542276
628000,0.7907581460214298
628200,0.6805633504284692
628400,0.815527737803353
628600,0.8097816114182194
628800,0.6236926236196391
629000,0.4436460101271635
629200,0.2249091918577331
629400,0.0488197599963321
629600,-0.1779411537319072
629800,-0.3182123536097251
630000,-0.4512398208466356
630200,-0.5239892998020682
630400,-0.5394515908995935
630600,-0.6195750201494086
630800,-0.7177720577402799
631000,-0.7710173827397377
631200,-0.8077990737252992
631400,-0.8564019536200789
631600,-0.9236569600415028
631800,-0.9907864196027418
632000,-1.033921312605664
632200,-1.0063988357189206
632400,-0.9519706554912456
632600,-0.9529253771241024
632800,-0.973000013185708
633000,-0.971577089921662
633200,-0.9673638362423486
633400,-0.9738161652762114
633600,-1.031985468852004
633800,-1.0784046261212994
634000,-1.1023278750252876
634200,-1.0467229855519715
634400,-1.0084801950352809
634600,-0.9841532279801446
634800,-0.9758863716566092
635000,-0.9670308206393065
635200,-0.9344831133406776
635400,-0.9843203994378048
635600,-1.0163172271900405
635800,-1.054259750110087
636000,-1.0869512678095523
636200,-1.0276919893373786
636400,-1.0239088090653763
636600,-1.0282045642973303
636800,-1.028560159949618
637000,-1.0173329270461131
637200,-1.070933721644203
637400,-1.1410120145952258
637600,-1.1586749544768613
637800,-1.111384126612573
638000,-0.9975710423153136
638200,-0.9407499649192468
638400,-0.8837154891560416
638600,-0.7878308316145026
638800,-0.7310498634528755
639000,-0.7410185531812539
639200,-0.6227947551918286
639400,-0.5266606409925101
639600,-0.1905163625012576
639800,0.1455950192391056
640000,0.3095675100310647
640200,0.4560766282897048
640400,0.5435504469160358
640600,0.5636513666161792
640800,0.5919789572825648
641000,0.7685613480989049
641200,0.9442438148260032
641400,1.3334248968462032
641600,1.4987223125435498
641800,1.6136719670763189
642000,1.6722403466997413
642200,1.6581895256224124
642400,1.58105448166693
642600,1.5574329072940032
642800,1.6658703624566422
643000,1.7598082424215042
643200,2.0379850525298955
643400,2.0760848368084384
643600,2.148334685193696
643800,2.149460474490508
644000,2.024931762874432
644200,1.8023201066624503
644400,1.6507755554552903
644600,1.5885440996479394
644800,1.6273870380031423
645000,1.816253111870311
645200,1.7475808025505175
645400,1.673831162628002
645600,1.574725162347925
645800,1.4041282811028142
646000,1.0733022486742352
646200,0.7852718655096991
646400,0.6645989644585867
646600,0.4619887006585545
646800,0.4932332360650342
647000,0.4168326966347627
647200,0.2583821334388338
647400,0.1694472371402979
647600,0.0476660181557452
647800,-0.0347905102387319
648000,-0.2522688205363323
648200,-0.3720984389522744
648400,-0.4426281885723417
648600,-0.4897413660526006
648800,-0.4396649529804091
649000,-0.5041081743077751
649200,-0.5727816437717084
649400,-0.6453055431118686
649600,-0.6966833973304736
649800,-0.7623128641381058
650000,-0.8033577904054485
650200,-0.8936695769915245
650400,-0.9316713230554944
650600,-0.9855599487905276
650800,-0.9460461246806182
651000,-0.9133546889407704
651200,-0.9306866198533428
651400,-0.944691456987735
651600,-0.9270239878558016
651800,-0.939003283893587
652000,-0.9365297370653308
652200,-1.0023815047482838
652400,-1.0599540006934447
652600,-1.0820673223269783
652800,-1.0380437196360282
653000,-0.9822725472888472
653200,-0.9856928700981608
653400,-0.9973467251767112
653600,-1.0001962376445177
653800,-1.0123983356097328
654000,-0.9943541396878603
654200,-1.0308715014958263
654400,-1.116411338763622
654600,-1.117021208333784
654800,-1.1061520101246038
655000,-1.0393426242961314
655200,-1.006377304118547
655400,-1.0039601162024592
655600,-0.9513102559699974
655800,-0.9049240856091068
656000,-0.8642362338204217
656200,-0.8289130511049353
656400,-0.8438077789605777
656600,-0.7592017122400272
656800,-0.6331496745304516
657000,-0.3265737759666014
657200,-0.0992181504135959
657400,0.0370026933440313
657600,0.1857473414161878
657800,0.3122698694322363
658000,0.3563007800305665
658200,0.4144536934937944
658400,0.5087723802491027
658600,0.616611808774347
658800,0.8958853190720476
659000,1.2343360273939958
659200,1.3375779933190854
659400,1.409613863326289
659600,1.4447245670542357
659800,1.44266484249085
660000,1.3407745674464886
660200,1.2117296763772734
660400,1.230354434142909
660600,1.1732009108667276
660800,1.387676101123729
661000,1.3684360733934309
661200,1.2784716077341345
661400,1.195449765058727
661600,1.0337428456053823
661800,0.7869923450354821
662000,0.5331727329579508
662200,0.422491344181484
662400,0.1754940806024903
662600,0.1278105579487783
662800,0.1208234598080652
663000,-0.0095895180729265
663200,-0.1251160174730723
663400,-0.2262473649095406
663600,-0.3332613736530589
663800,-0.4660972216111764
664000,-0.5961971315232354
664200,-0.6550671289979236
664400,-0.7334074840893824
664600,-0.696914817278489
664800,-0.7017286859443375
665000,-0.7402983683998241
665200,-0.7650971753301988
665400,-0.7563785096057192
665600,-0.7649556065143187
665800,-0.7649775369051345
666000,-0.8633423166460604
666200,-0.9023446226802312
666400,-0.959579634948912
666600,-0.9274920836454624
666800,-0.8144770150490109
667000,-0.8172670781495299
667200,-0.8225028016920946
667400,-0.833460105339663
667600,-0.8495254972510158
667800,-0.8683868182889635
668000,-0.8895555741477977
668200,-0.9121454830891157
668400,-0.9355753754690693
668600,-0.9603833902838488
668800,-0.9870778245983313
669000,-1.0126428323620273
669200,-1.027349924282375
669400,-0.8265386670016586
669600,-0.9531265254883464
669800,-1.0627251520106713
670000,-1.072279274662358
670200,-1.072279274662358
670400,-1.072279274662358
670600,-1.072279274662358
670800,-0.6000239598049233
671000,0.33218592818307463
671200,0.23811329475823179
671400,0.25303819734478905
671600,0.5898758081223691
671800,0.6541398954031418
672000,0.4542143883752444
672200,0.31010463126105436
672400,0.5647120522899898
672600,0.7046483483822971
672800,1.2254889454752784
673000,1.2382869608623206
673200,0.9915173380569203
673400,0.9848313281480049
673600,0.8309045992338318
673800,0.4220136059326525
674000,-0.2731740261230671
674200,-0.578450999317083
674400,-0.5382167532174155
674600,-0.0768704161887021
674800,0.6661360368363908
675000,0.5013213336163925
675200,0.31378896806838846
675400,0.37644726023784353
675600,0.4256338495154789
675800,0.1434066580855548
676000,-0.0674551687516661
676200,0.011992713649056599
676400,-0.09986216760087469
676600,0.7361352866315377
676800,0.5864703634541095
677000,0.15796668597632677
677200,0.009477802603872534
677400,-0.02704006007620689
677600,-0.3083046720594379
677800,-0.4737331427057733
678000,-0.4751057140689433
678200,-0.5195519243683613
678400,-0.5248493789772823
678600,-0.48535787413901815
678800,-0.9028875112664756
679000,-0.9038963679398428
679200,-0.9072020262569788
679400,-0.9104697451088328
679600,-0.9552766930640716
679800,-1.0025217518964682
680000,-1.0128470825113458
680200,-0.9470676258262484
680400,-0.8295309826913628
680600,-0.7822882885167031
680800,-0.7109951498213969
681000,-0.5947603325855652
681200,-0.4831835520372679
681400,-0.4315025286596152
681600,-0.3795440574521382
681800,-0.2949361719075816
682000,-0.1994160055142256
682200,0.137116201175981
682400,0.5071300371699958
682600,0.6394916711142727
682800,0.8028508374263014
683000,0.8940811100105768
683200,0.9493396776681172
683400,0.8943437579500529
683600,0.8710179284753617
683800,0.9152916233631334
684000,1.0619667830889
684200,1.4810949673883678
684400,1.6698702706288069
684600,1.7950174137981765
684800,1.862748918444132
685000,1.8765499678771227
685200,1.7963541134036622
685400,1.6809378884794064
685600,1.6815533197090995
685800,1.622266790937492
686000,1.8216395114483592
686200,1.848270390278195
686400,1.739431074138998
686600,1.6759075235006635
686800,1.593566904676476
687000,1.3353841620475004
687200,1.1454789325303276
687400,1.080431651060502
687600,0.9209260401475834
687800,0.8995830062388419
688000,0.9497823544208956
688200,0.7775673766104888
688400,0.6071681182437892
688600,0.432786792107564
688800,0.2156694755449281
689000,0.0260027280764372
689200,-0.1675561692170973
689400,-0.2963447489220996
689600,-0.4739021680811508
689800,-0.4959032475055845
690000,-0.5104774895185696
690200,-0.617396576339055
690400,-0.6787708530630836
690600,-0.7077266641020974
690800,-0.7358288303232392
691000,-0.7582657191373738
691200,-0.8109687239424715
691400,-0.8702637477690429
691600,-0.9085023448423633
691800,-0.8840805479861776
692000,-0.828040067580048
692200,-0.8443153534059351
692400,-0.8523727644950231
692600,-0.8518040701203295
692800,-0.8531639083192186
693000,-0.8551361093123897
693200,-0.8951567307429035
693400,-0.9759951279507776
693600,-0.988956604698114
693800,-0.9867077524755496
694000,-0.915726401704803
694200,-0.9104154046254372
694400,-0.90363193990486
694600,-0.9028348237958844
694800,-0.8951570024819446
695000,-0.8863835922256604
695200,-0.9107470364313448
695400,-0.9958973682079444
695600,-0.984244064374944
695800,-0.9887851261219088
696000,-0.9078491357284127
696200,-0.8842419233690709
696400,-0.8859787854892089
696600,-0.8900982241800655
696800,-0.8534987817394214
697000,-0.8197669600870567
697200,-0.8165876860733923
697400,-0.8766000997267566
697600,-0.7867992348486438
697800,-0.7057579861253609
698000,-0.4750984961098223
698200,-0.2992647139179314
698400,-0.1926826440052548
698600,-0.0983357997103205
698800,-0.0076131476995266
699000,-0.0259892128937181
699200,-0.0202700464952275
699400,0.1106131450385915
699600,0.2352943851451338
699800,0.5633314185710815
700000,0.918415887597815
700200,1.0483695811160711
700400,1.208560843258876
700600,1.2733959326321516
700800,1.254315892917962
701000,1.2009228018289015
701200,1.1891084581612272
701400,1.2980342132230662
701600,1.461095656917055
701800,1.793219816943445
702000,1.910580607129611
702200,1.9905138005213263
702400,2.044607789930964
702600,2.044376074278293
702800,1.9916092127263243
703000,1.8892242424394647
703200,1.8751022458400848
703400,1.807514891857957
703600,1.990232452593244
703800,1.9806737565868768
704000,1.8847715124182776
704200,1.8001982058344708
704400,1.6614862615887795
704600,1.4873527284065002
704800,1.252090776236441
705000,1.2128713160881277
705200,1.020945942158786
705400,1.1086817784612306
705600,1.132260931799835
705800,0.9930267849000324
706000,0.8167443442512455
706200,0.5918385993744957
706400,0.3992293573720514
706600,0.1677976355759792
706800,0.0186654652954495
707000,-0.1523773301934608
707200,-0.2390178048818733
707400,-0.2543056883427932
707600,-0.3474260340356658
707800,-0.4468152218184275
708000,-0.5127062572104631
708200,-0.578923202887202
708400,-0.6191657402319193
708600,-0.7058847001068123
708800,-0.757433518857972
709000,-0.8195897783023434
709200,-0.8005479158570844
709400,-0.7852947127143071
709600,-0.812942262526548
709800,-0.8177301564713382
710000,-0.8064356895627626
710200,-0.8010518354578775
710400,-0.7987655486393891
710600,-0.8399928695898962
710800,-0.9033006257152794
711000,-0.9359919513953082
711200,-0.9214150695897224
711400,-0.8633978448925241
711600,-0.8705707879403917
711800,-0.8635461149612167
712000,-0.862497656249953
712200,-0.8373119469455469
712400,-0.7926843458630121
712600,-0.7906188555594268
712800,-0.8242634677601806
713000,-0.7438092876543211
713200,-0.6392948877989739
713400,-0.3413602334354904
713600,-0.1123770698155539
713800,-0.0158422786267396
714000,0.170736948453659
714200,0.3173918750068221
714400,0.3941531877113547
714600,0.3218468397255502
714800,0.208469917204693
715000,0.2018484313176658
715200,0.1568705065571575
715400,0.3377246108496938
715600,0.436705636704264
715800,0.3316567842950763
716000,0.1846939496943993
716200,0.0048501161685012
716400,-0.2277627106143878
716600,-0.5026342635689537
716800,-0.6561036309824022
717000,-0.7397733713481504
717200,-0.8229314775134781
717400,-0.7766643471936528
717600,-0.8082239457424049
717800,-0.85360932198656
718000,-0.8970579355676459
718200,-0.9277102861433872
718400,-0.9491609028015052
718600,-1.0229361318798074
718800,-1.105558905600082
719000,-1.13758782561189
719200,-1.1609604240159923
719400,-1.0972768546800042
719600,-1.0921839171797378
719800,-1.100709028125152
720000,-1.1119410125595934
720200,-1.1004452048352054
720400,-1.0976078287813855
720600,-1.09334890965959
720800,-1.1555766496691835
721000,-1.1668364672262148
721200,-1.1794833146966686
721400,-1.0830219915558468
721600,-1.010714141790816
721800,-0.9846682378599884
722000,-0.9400761767723652
722200,-0.8813410479333056
722400,-0.8196751356005255
722600,-0.7382867290844568
722800,-0.729229261976028
723000,-0.6501193816144124
723200,-0.564901453442796
723400,-0.2532762953318374
723600,0.0303916819956646
723800,0.1591241803730443
724000,0.3384151534181797
724200,0.4982978033217086
724400,0.4614795987321793
724600,0.442783627702865
724800,0.4819025677598175
725000,0.4452110066907536
725200,0.5758319606698961
725400,0.7443033316359395
725600,0.6770958327043208
725800,0.6293631113036043
726000,0.5400238010487283
726200,0.3102175562001074
726400,0.1105379000500457
726600,-0.0499428702768876
726800,-0.1557980513318702
727000,-0.2294223913034912
727200,-0.1825173222320269
727400,-0.2482131457512827
727600,-0.3317787324776623
727800,-0.3760286654367628
728000,-0.4755138794366725
728200,-0.5580102115774894
728400,-0.6696967971665397
728600,-0.7370767730602348
728800,-0.8171479458538908
729000,-0.82108608417709
729200,-0.7878392220013495
729400,-0.836690576134536
729600,-0.8510642423713378
729800,-0.864703022842622
730000,-0.881656656183975
730200,-0.8833933874563471
730400,-0.9047022954380256
730600,-0.98846371831121
730800,-0.9976139200164724
731000,-1.0221308729259675
731200,-0.967765679315227
731400,-0.936412853645236
731600,-0.9559114445100592
731800,-0.9557587082518056
732000,-0.9557647187455744
732200,-0.9486685800560066
732400,-0.9901687856848704
732600,-1.0553995036017605
732800,-1.044215532488251
733000,-1.0188121465883426
733200,-0.9183736696808992
733400,-0.8106568120778469
733600,-0.7647719749823116
733800,-0.681996277461464
734000,-0.5782374560833029
734200,-0.5154128762975458
734400,-0.4587507223281245
734600,-0.4248409975978558
734800,-0.2530700263043511
735000,-0.0951767670744937
735200,0.2967493712240386
735400,0.5352055139798328
735600,0.5932234450527466
735800,0.651355624607351
736000,0.6725612697484439
736200,0.4806063098938027
736400,0.3257227410032732
736600,0.2658660551115407
736800,0.16690985110635
737000,0.2444479743953929
737200,0.3798450756320299
737400,0.2736758727123171
737600,0.1646368469114916
737800,0.0584950190551518
738000,-0.0997017324353509
738200,-0.270021836936774
738400,-0.4188900411142696
738600,-0.5290714510206169
738800,-0.658119219256026
739000,-0.6812256672556316
739200,-0.664438172983011
739400,-0.7288038608507079
739600,-0.7904997641574221
739800,-0.836420908201091
740000,-0.8921738198955211
740200,-0.9161661873988128
740400,-0.9706401584908304
740600,-1.0563756478978714
740800,-1.0886094751982198
741000,-1.1170964232695548
741200,-1.0650155752614343
741400,-1.0398195209690748
741600,-1.0578476021761791
741800,-1.0526363668044043
742000,-1.0543227297734534
742200,-1.046032818714713
742400,-1.0599416304388205
742600,-1.124943195916647
742800,-1.1231335646402345
743000,-1.1320900181635825
743200,-1.062208958085077
743400,-1.017770001987602
743600,-1.0129543028739516
743800,-1.0071759147985708
744000,-0.9895431158985336
744200,-0.996091227183221
744400,-1.0266331474755692
744600,-1.0873946244195007
744800,-1.0819085830676476
745000,-1.0510233236791504
745200,-0.928052545811631
745400,-0.8166510347920443
745600,-0.7684090757645055
745800,-0.6835949881025166
746000,-0.6123973286218233
746200,-0.5763363888499357
746400,-0.5595609280110045
746600,-0.5218411556675989
746800,-0.4169161626621819
747000,-0.2124327044591523
747200,0.1413220266381082
747400,0.2763873421522204
747600,0.3955977386647061
747800,0.4541699252351252
748000,0.4412868668119298
748200,0.3983118073474304
748400,0.4160611127788791
748600,0.5706080056839554
748800,0.7651086606555801
749000,1.1841109818486335
749200,1.3633997090959686
749400,1.4663824812384998
749600,1.5167488178759052
749800,1.4455101939209969
750000,1.320415320150182
750200,1.1994051512666168
750400,1.1824721270491556
750600,1.1582506115026714
750800,1.3745390513830835
751000,1.3676944967596598
751200,1.3614125619534423
751400,1.263173102171747
751600,1.0170833366636225
751800,0.7232339076109733
752000,0.4702950632696039
752200,0.3286324946712836
752400,0.1183964921706491
752600,0.1530295972038318
752800,0.059527858169505
753000,-0.0839834280205571
753200,-0.1770679238277977
753400,-0.2738770299050473
753600,-0.3995210275606931
753800,-0.5151331300946023
754000,-0.5999039400491507
754200,-0.7106506064141717
754400,-0.7273600584032639
754600,-0.6921400755039144
754800,-0.7461365217794055
755000,-0.7771864377746079
755200,-0.7974403339013657
755400,-0.8116192465645948
755600,-0.8365988993885954
755800,-0.8546866477289717
756000,-0.9456210370293552
756200,-0.9495849295607136
756400,-1.0032903374297102
756600,-0.9551263846196072
756800,-0.921229996847709
757000,-0.9412158412098512
757200,-0.9355286777837362
757400,-0.927473720368812
757600,-0.9233648472512668
757800,-0.9230622089833544
758000,-0.971884156265499
758200,-1.0236271177626943
758400,-1.0431285416593736
758600,-1.0123378648608163
758800,-0.9471879444577972
759000,-0.9588960091908304
759200,-0.9629055022091092
759400,-0.9641390793134472
759600,-0.9547056224605748
759800,-0.9385669066381654
760000,-0.974079929686398
760200,-1.0374541953006644
760400,-1.0591825891671154
760600,-1.05615308408447
760800,-0.9830484534662852
761000,-0.974554489841268
761200,-0.9777418827051324
761400,-0.979057315741901
761600,-0.9625942930161184
761800,-0.9771269541684452
762000,-0.9583161194546738
762200,-1.0067501534554757
762400,-1.0543092854286702
762600,-1.051541153685109
762800,-1.0433280153630309
763000,-0.9764956497703456
763200,-0.9586752269942372
763400,-0.9471049888642205
763600,-0.926407437797258
763800,-0.9063569462570762
764000,-0.845663224745865
764200,-0.8280784200695306
764400,-0.7365827261407564
764600,-0.6550675858896711
764800,-0.5238550506935411
765000,-0.3094758933712874
765200,-0.1923252169084059
765400,-0.1448213955376638
765600,-0.1237327625517516
765800,-0.1740901083129551
766000,-0.2853198761021289
766200,-0.3964605265136702
766400,-0.4968117329289944
766600,-0.5371691548310039
766800,-0.5514292699254678
767000,-0.4996150102469948
767200,-0.5283855869625516
767400,-0.580609055156487
767600,-0.6270020871393278
767800,-0.669394425393003
768000,-0.7286587437921984
768200,-0.7748743226573014
768400,-0.8575781676820958
768600,-0.9032326367749384
768800,-0.9573327146127432
769000,-0.9251634158336643
769200,-0.886855907034741
769400,-0.8726649464179339
769600,-0.8339220558192935
769800,-0.8552066794891036
770000,-0.8751581641767145
770200,-0.909517492615563
770400,-0.9453391379336724
770600,-1.046072533158535
770800,-1.0822992313038593
771000,-1.115135770285362
771200,-1.0526798547796634
771400,-1.0320454948068567
771600,-1.0472585344819645
771800,-1.056679444925983
772000,-1.0754192067831498
772200,-1.0731222630428423
772400,-1.0986720300164456
772600,-1.1898473199498625
772800,-1.197101148612909
773000,-1.1927278350385355
773200,-1.10169516318104
773400,-1.0362304536865097
773600,-1.04147488963023
773800,-0.9872958409545246
774000,-0.93880965456748
774200,-0.8737942105258641
774400,-0.7892965539279614
774600,-0.7256081769414596
774800,-0.6067656713006401
775000,-0.4297967618374027
775200,-0.1112546422712711
775400,0.14288269752161
775600,0.286853404648946
775800,0.4473788460564869
776000,0.5826047261662664
776200,0.549645852278315
776400,0.6129253385849572
776600,0.749025715452198
776800,0.8022181292379017
777000,1.167942913074968
777200,1.4296865113725057
777400,1.3891654253913783
777600,1.2990920269563233
777800,1.1588095676789674
778000,0.9379439320660768
778200,0.7370537918125959
778400,0.5917048779431944
778600,0.4442191964694791
778800,0.3395808031564035
779000,0.3519445504396803
779200,0.1907913378354725
779400,0.0559026878065547
779600,-0.0356701100393425
779800,-0.1752868977013228
780000,-0.3287807216341367
780200,-0.501326016805395
780400,-0.5861317935470799
780600,-0.7098308451802584
780800,-0.7137264891002626
781000,-0.7538848960470104
781200,-0.8194254798820122
781400,-0.8547881201743144
781600,-0.9063350425446
781800,-0.9252583164893768
782000,-1.0049094889130517
782200,-1.0943203798494625
782400,-1.1183034260686704
782600,-1.1482270683530824
782800,-1.0923161661904564
783000,-1.0767460483417677
783200,-1.101094280829903
783400,-1.0996879376975035
783600,-1.1032241092527155
783800,-1.0953540561768265
784000,-1.1315323139025284
784200,-1.224314260301786
784400,-1.2267204010233248
784600,-1.214946289061271
784800,-1.1350753601880958
785000,-1.1178332049709
785200,-1.075542038359535
785400,-1.0015106411600871
785600,-0.9625417901977892
785800,-0.9262197295592136
786000,-0.9027105096339548
786200,-0.8532623935235247
786400,-0.7233126873512218
786600,-0.4620745363608193
786800,-0.0744956650105238
787000,0.139044204549483
787200,0.3352563738801267
787400,0.4608397371591212
787600,0.5428612817854271
787800,0.5532770107061522
788000,0.4938502918487576
788200,0.4918322817187315
788400,0.4226950109241923
788600,0.6065943156397742
788800,0.713114138586738
789000,0.6526496131226517
789200,0.5726421366526505
789400,0.433254983607266
789600,0.1888487646213053
789800,-0.0650205317197687
790000,-0.2253975038857207
790200,-0.3864167398807171
790400,-0.4640085292816607
790600,-0.4444494516609724
790800,-0.5368711901260431
791000,-0.608869089202195
791200,-0.6700259310264208
791400,-0.7495232744272106
791600,-0.8232588938899386
791800,-0.8954995131075588
792000,-0.9659827053247096
792200,-1.0228605256895034
792400,-1.0086747999586183
792600,-0.9671238375664012
792800,-0.9864324043688836
793000,-1.008632598005769
793200,-1.015698198822422
793400,-1.030889173164978
793600,-1.0412000353866853
793800,-1.1101989478092822
794000,-1.1624298977644514
794200,-1.2131210528789749
794400,-1.134437904362008
794600,-1.048453365505042
794800,-1.0030169381160945
795000,-0.9441545129037472
795200,-0.8648092627306527
795400,-0.7653089164093752
795600,-0.74879285738793
795800,-0.7474730846372252
796000,-0.6443167676169494
796200,-0.5508650813674575
796400,-0.2686668582713722
796600,0.0302957586498781
796800,0.1498886666931852
797000,0.2963612881661245
797200,0.358410318628879
797400,0.3217538574491049
797600,0.2713027098102568
797800,0.2888834855522905
798000,0.4089464302123268
798200,0.593286655209642
798400,0.948704090300476
798600,1.1151276555194272
798800,1.2420053919910767
799000,1.3441898299904214
799200,1.357549754589275
799400,1.2132113782752172
799600,1.038512137361096
799800,1.0484229250681585
800000,0.9813345525632124
800200,1.1973669064101955
800400,1.2552720955809804
800600,1.106587772877097
800800,0.9978505437916264
801000,0.8494051984303206
801200,0.6005547667094117
801400,0.3815144948853081
801600,0.2669642923148591
801800,0.0876905092415887
802000,0.0497768430019111
802200,0.0606533123201985
802400,-0.048266633159568
802600,-0.150317905371232
802800,-0.2301455158103528
803000,-0.3374041859432657
803200,-0.4563408065986747
803400,-0.5680333217593071
803600,-0.6599789111683333
803800,-0.7521697740201306
804000,-0.7504190386605225
804200,-0.7471717285509463
804400,-0.7918326798843096
804600,-0.8348786572004736
804800,-0.8703400006155432
805000,-0.885074670064651
805200,-0.8952937349050654
805400,-0.9654148707438444
805600,-1.0297218017506315
805800,-1.066689181837308
806000,-1.1079070770254726
806200,-1.0453202906839738
806400,-1.0367458099324276
806600,-1.0450317625293977
806800,-1.0286655957282524
807000,-1.021974639777327
807200,-1.0032215335940906
807400,-1.0596427291205437
807600,-1.1166675847463534
807800,-1.0961279176573395
808000,-1.0409894116118033
808200,-0.9260581367817468
808400,-0.8886726776631236
808600,-0.8277730830728116
808800,-0.7624939205244761
809000,-0.71714058151013
809200,-0.6736543272980268
809400,-0.7522537668189553
809600,-0.6905159708970195
809800,-0.5906527441270544
810000,-0.368432977152254
810200,0.0446827182592719
810400,0.2066620701044084
810600,0.3536900007122423
810800,0.4807998414257624
811000,0.5681033450228009
811200,0.5512959303870062
811400,0.5441594550849936
811600,0.6606073306793528
811800,0.6945249744716191
812000,0.9902034046392718
812200,1.1088727664953122
812400,1.0439137314466786
812600,1.0536524821884752
812800,1.0250147134018317
813000,0.7660399201331606
813200,0.5475549265076034
813400,0.4362071289122972
813600,0.2503204650891246
813800,0.2066174919821665
814000,0.2448701759354094
814200,0.111097765764807
814400,0.0055338410077866
814600,-0.0792489576843564
814800,-0.2131217195848066
815000,-0.3540112591469074
815200,-0.5144621808369461
815400,-0.6198012068505583
815600,-0.7403569549199915
815800,-0.7721906727023468
816000,-0.7651335573713574
816200,-0.8252339022584576
816400,-0.8689789917260403
816600,-0.8949433851798929
816800,-0.8989194777220224
817000,-0.9167145588312696
817200,-0.9224874514231852
817400,-0.9830553501778276
817600,-1.0215039666250758
817800,-1.0742802647842888
818000,-1.018498269977253
818200,-0.952392476722312
818400,-0.9371663283456242
818600,-0.896425010526958
818800,-0.8329073354970344
819000,-0.7405511045051016
819200,-0.6755449769932239
819400,-0.6763671819785103
819600,-0.5889471213338879
819800,-0.5070735082205216
820000,-0.2024929407819223
820200,0.0569898590979497
820400,0.1416986212496723
820600,0.2438735658818709
820800,0.3538803437512972
821000,0.4020227862029359
821200,0.4334946737372797
821400,0.4329858732275422
821600,0.4989555635300624
821800,0.5647098095890709
822000,0.913817266114116
822200,1.1114583980314234
822400,1.150617646865982
822600,1.2308863467470317
822800,1.2887708061011816
823000,1.17291207592712
823200,1.0459144030723742
823400,1.002477021277023
823600,0.9548986722112476
823800,1.0514389934323016
824000,1.1902505287601328
824200,1.084995353883033
824400,0.9181987814784456
824600,0.7680847397282285
824800,0.5382350601703447
825000,0.2808294097627568
825200,0.0668159268843923
825400,-0.0748568021395204
825600,-0.2613144484736722
825800,-0.2954061681831108
826000,-0.3100428668990101
826200,-0.4082666387240054
826400,-0.4978877151069538
826600,-0.5966537696648568
826800,-0.6849310711177705
827000,-0.7482418927570158
827200,-0.8457461796290039
827400,-0.9435702879995848
827600,-0.9784247119906112
827800,-1.0347310215604824
828000,-0.9847013320547096
828200,-0.9742292028734304
828400,-1.003960550897938
828600,-1.0249152357608684
828800,-1.0303676134379791
829000,-1.0171854494937596
829200,-1.044580565152039
829400,-1.1292924896556051
829600,-1.136531125806497
829800,-1.1087015825210504
830000,-0.9780496875892845
830200,-0.864776809154171
830400,-0.8320990482161069
830600,-0.6973529127572429
830800,-0.578206715537955
831000,-0.3135169021992399
831200,-0.039285580211704
831400,0.0797413486035818
831600,0.2538483792721768
831800,0.3972901728412565
832000,0.7871960581525562
832200,0.9793506273591752
832400,1.1106300233450188
832600,1.2301648344167386
832800,1.3306092691206932
833000,1.1675508325055002
833200,1.099930222217245
833400,1.0857838560889277
833600,0.9550478506131196
833800,1.1128182209435462
834000,1.25763166135226
834200,1.1538326330409383
834400,1.0990000925543075
834600,1.0186839546837765
834800,0.8528087222188775
835000,0.666921036997771
835200,0.5271855377605377
835400,0.4042839620322251
835600,0.2607693354937291
835800,0.2804474535038471
836000,0.1579388132407657
836200,0.0436481123397491
836400,-0.0566861656884878
836600,-0.1894882096864775
836800,-0.3279093733583748
837000,-0.484190952318247
837200,-0.5836501928764706
837400,-0.6800196194104489
837600,-0.7438191150152641
837800,-0.7257371255489757
838000,-0.7867154921822428
838200,-0.823411803871271
838400,-0.8718992236738978
838600,-0.8835358013758255
838800,-0.8897416859816835
839000,-0.8940177470878976
839200,-0.9666429138440488
839400,-1.0107726546642533
839600,-1.0563268711892384
839800,-1.019934396858596
840000,-0.968033928461268
840200,-0.987285386119104
840400,-0.9808179846361942
840600,-0.9745507613104144
840800,-0.9557419315621551
841000,-0.9555999397418256
841200,-0.988875500396589
841400,-0.9525746211823768
841600,-0.8773940447997959
841800,-0.6852474047942728
842000,-0.5071866241073233
842200,-0.4465874002082657
842400,-0.3317681107271796
842600,-0.2119326538950061
842800,-0.1440010729100614
843000,-0.0831440541622156
843200,-0.0169481116334554
843400,0.1240889817495189
843600,0.3164227491200576
843800,0.6238217740931844
844000,0.6876091491024512
844200,0.7137389082666953
844400,0.6839232897698334
844600,0.5834189466872166
844800,0.4851536488394181
845000,0.3646723062607745
845200,0.3679210475630055
845400,0.3736687712510287
845600,0.5769480247718394
845800,0.5914652403234039
846000,0.5977531109972752
846200,0.6363091250060997
846400,0.6125806507281966
846600,0.5844750978350742
846800,0.4634198746021364
847000,0.4985367572309356
847200,0.4497313025795139
847400,0.6450990850540714
847600,0.6871863506822175
847800,0.5915179974939918
848000,0.5365569198781696
848200,0.3888060677748391
848400,0.2058757484304106
848600,0.0263347896153633
848800,-0.0743958805829173
849000,-0.2754756486198315
849200,-0.2964986340607708
849400,-0.2964060987588258
849600,-0.4039511313950047
849800,-0.4906725722975297
850000,-0.5668996631842784
850200,-0.6478870824457209
850400,-0.7107156264364205
850600,-0.8127323133097468
850800,-0.9153418179988694
851000,-0.9752785135188596
851200,-1.0058741525164947
851400,-0.9743353320988032
851600,-0.9890298651862864
851800,-1.0199585173921102
852000,-1.055317153266446
852200,-1.0718622204240915
852400,-1.0952661591628683
852600,-1.1634500757691029
852800,-1.2240852366645811
853000,-1.2659977703850858
853200,-1.2196211153187373
853400,-1.162796514494671
853600,-1.177484619616532
853800,-1.1924059265814893
854000,-1.17529600515553
854200,-1.161372962574991
854400,-1.156699292151407
854600,-1.155198244037531
854800,-1.201427661399158
855000,-1.1416413286100373
855200,-1.0622536592664178
855400,-0.8644932024505738
855600,-0.7048902314379881
855800,-0.6177159324231695
856000,-0.5082064861017025
856200,-0.3680462039827865
856400,-0.3343543154100536
856600,-0.2699017533609856
856800,-0.086948801229254
857000,0.0323676238309643
857200,0.4549854539901643
857400,0.7913691309906166
857600,0.8934193810994543
857800,0.9685860420102116
858000,1.0637396453562218
858200,0.9100528938379912
858400,0.8532957363362551
858600,0.9319189953303616
858800,0.9256936533387892
859000,1.2327183999508464
859200,1.4955776280258932
859400,1.556984291861574
859600,1.627992709800608
859800,1.6606231972554717
860000,1.4170773072771308
860200,1.2007238760652663
860400,1.1284586228324087
860600,1.004218131622861
860800,1.1105462686203924
861000,1.2683793234226788
861200,1.1656619675797306
861400,1.1360013236126172
861600,1.0565027089573895
861800,0.8173523092491224
862000,0.5714065179605664
862200,0.406574143834904
862400,0.279284783071451
862600,0.182690749776624
862800,0.2187852164705666
863000,0.0729202890618038
863200,-0.0398457248513803
863400,-0.1417599500141759
863600,-0.274743217164987
863800,-0.410402660589096
864000,-0.5462629101022127
864200,-0.6555424059122565
864400,-0.7976674956583926
864600,-0.8342330811589512
864800,-0.8551200645401725
865000,-0.9407381196577072
865200,-0.9988298927929162
865400,-1.0405301273582686
865600,-1.085490998543566
865800,-1.098433908766992
866000,-1.154495295475612
866200,-1.2407539030834196
866400,-1.261055805274319
866600,-1.2686319462575628
866800,-1.2159638518927487
867000,-1.199032085040492
867200,-1.2210313509225823
867400,-1.2096695047163877
867600,-1.2117354198642216
867800,-1.198685642656122
868000,-1.2507740872471924
868200,-1.3248375060020376
868400,-1.3315009551088774
868600,-1.3048347844019936
868800,-1.2465001349404168
869000,-1.2309350098755645
869200,-1.2299089771567375
869400,-1.1696750321196403
869600,-1.1492395835499825
869800,-1.143899131242195
870000,-1.1911406026756362
870200,-1.2044302260368578
870400,-1.1862011456839576
870600,-1.0412160753479336
870800,-0.8845092408561571
871000,-0.8169706024311902
871200,-0.722096507894902
871400,-0.6497487496667711
871600,-0.6268303018330902
871800,-0.6299588606493043
872000,-0.5907518374606631
872200,-0.4782620341266367
872400,-0.2803831984746352
872600,0.1120336702437224
872800,0.2952512520046353
873000,0.4611390079013939
873200,0.5223627667249788
873400,0.4774236121961954
873600,0.3801332550274056
873800,0.3565917401376056
874000,0.3710754961813063
874200,0.4474034296035237
874400,0.6483156598791192
874600,0.5997441766651603
874800,0.557932909682991
875000,0.4666307067291059
875200,0.2453343100348161
875400,0.1058909017524246
875600,0.1338477996481059
875800,-0.0082583784039307
876000,0.0457211432449966
876200,0.0823114766684181
876400,-0.0334817608420817
876600,-0.1058938878509287
876800,-0.2158367674096573
877000,-0.3629791196058976
877200,-0.4898650692047644
877400,-0.5559820119034167
877600,-0.6748758914836173
877800,-0.6740530751060478
878000,-0.6708126418861077
878200,-0.748123968241496
878400,-0.8009110704619771
878600,-0.8265601610232144
878800,-0.8891386912328622
879000,-0.928919139473355
879200,-0.9970679108202268
879400,-1.0659165783544895
879600,-1.1024412640652836
879800,-1.0946872892033666
880000,-1.0556112501769028
880200,-1.0788821059145806
880400,-1.0811107334952526
880600,-1.078210896566821
880800,-1.0671004491503302
881000,-1.1035047247448555
881200,-1.1794962327482377
881400,-1.1865133736751767
881600,-1.1797482714080854
881800,-1.1240406878213367
882000,-1.1156918865539232
882200,-1.1181024700146955
882400,-1.118382875024223
882600,-1.109475159313032
882800,-1.11023120105703
883000,-1.1250643364745423
883200,-1.175093368519084
883400,-1.16839608434652
883600,-1.1209831132789811
883800,-0.9512293373510852
884000,-0.8138191001654841
884200,-0.800799011038514
884400,-0.7132502270492083
884600,-0.6307183622974966
884800,-0.6354052892197787
885000,-0.6324627592953446
885200,-0.5514098007349282
885400,-0.5010815682371386
885600,-0.2848345725631379
885800,-0.1621158334330477
886000,-0.1796050967873989
886200,-0.1876642890248582
886400,-0.1986935457721875
886600,-0.3483427095150865
886800,-0.458678496536384
887000,-0.4526338138837182
887200,-0.5028084853920508
887400,-0.4226254884155828
887600,-0.3648706801013515
887800,-0.4434253982231813
888000,-0.5219965688764107
888200,-0.5780323502284964
888400,-0.6770546845219927
888600,-0.7775774322115098
888800,-0.8703906340229979
889000,-0.9304197545775752
889200,-0.9995051881236484
889400,-0.973400090048178
889600,-0.9932185834068028
889800,-1.0317802560896434
890000,-1.0500596598956482
890200,-1.061807933826671
890400,-1.054799282704738
890600,-1.092871632930282
890800,-1.1703290812830127
891000,-1.174956990685585
891200,-1.1876672322664354
891400,-1.1227375262154482
891600,-1.0870887352801633
891800,-1.0998824556901945
892000,-1.0695851796543463
892200,-1.0896966157543986
892400,-1.0466830373090932
892600,-1.0504736749474235
892800,-1.0573282979793035
893000,-1.037837424736498
893200,-0.9134624176375764
893400,-0.6979500032372057
893600,-0.5892868160467939
893800,-0.5317389074812059
894000,-0.4668961396996877
894200,-0.4587303268107008
894400,-0.4398044095337245
894600,-0.4515914069488034
894800,-0.3954983235515132
895000,-0.3837316606244819
895200,-0.2106600518409537
895400,-0.1526543362710455
895600,-0.1284218392882506
895800,-0.0930917088492283
896000,-0.1138174268345907
896200,-0.1777213443318157
896400,-0.294165323155763
896600,-0.2642976148355718
896800,-0.3113545003169514
897000,-0.1662194039584549
897200,-0.0777890423114873
897400,-0.1298598276351797
897600,-0.1079919087749702
897800,-0.125303057561244
898000,-0.2455950330027927
898200,-0.3016775238134883
898400,-0.2298278147225544
898600,-0.3272560277401932
898800,-0.3845614492974145
899000,-0.3894916408991988
899200,-0.4874366050228703
899400,-0.5738417414620678
899600,-0.6503309127660547
899800,-0.7314928477448054
900000,-0.7925341378634485
900200,-0.8764062791775845
900400,-0.946382049347376
900600,-1.0173999384145522
900800,-0.9900831484489876
901000,-0.9752842707142578
901200,-0.9950254690942104
901400,-1.0134168057891428
901600,-1.0043232493508265
901800,-1.0060426230908752
902000,-0.9882997768067672
902200,-1.0324529162774685
902400,-1.1097096229023988
902600,-1.1160995846361652
902800,-1.0884790921337892
903000,-1.0019371575179965
903200,-1.072279274662358
903400,-1.072279274662358
903600,-1.072279274662358
903800,-1.072279274662358
904000,-1.072279274662358
904200,-1.072279274662358
904400,-1.072279274662358
904600,-1.072279274662358
904800,-1.072279274662358
905000,-1.072279274662358
905200,-1.072279274662358
905400,-1.072279274662358
905600,-1.072279274662358
905800,0.2846397790029774
906000,0.23313244808020256
906200,0.1490293818719228
906400,0.011745631906420794
906600,-0.4503787212787567
906800,-0.7350791710317953
907000,-0.7715953014625637
907200,-0.8036890781408974
907400,-0.8270184606915092
907600,-0.8534483332930357
907800,-0.8791586925216475
908000,-0.9113400658980955
908200,-0.9515621468832832
908400,-0.9885326778037749
908600,-1.0049518225829501
908800,-1.0127238543866202
909000,-1.0295740733437735
909200,-1.0454110839311892
909400,-1.0570536102891746
909600,-1.0577968633515105
909800,-1.0696676529255256
910000,-1.072279274662358
910200,-1.072279274662358
910400,-1.072279274662358
910600,-1.072279274662358
910800,-0.7557402597345925
911000,-1.0376435205433554
911200,-0.5702584049392085
911400,-0.31723189762239595
911600,-0.19780307121444024
911800,-0.5437322350237103
912000,-0.8943921323320794
912200,-0.6676397132867088
912400,-0.004275312062383267
912600,0.11395763241212675
912800,-0.1108158099033085
913000,-0.22751429644267301
913200,-0.2974481144570264
913400,-0.49208679658768395
913600,-0.4200604214056157
913800,-0.7374408567515589
914000,-0.7716725440341142
914200,-0.7981546203307865
914400,-0.6859687219852398
914600,-0.8023342623331654
914800,-0.8308655501954745
915000,-0.8267614578846376
915200,-0.2669989637142902
915400,-0.3451944532887659
915600,-0.374166180280562
915800,-0.3032968955975844
916000,-0.455489731172874
916200,-0.4618344841749668
916400,-0.4882236834068243
916600,-0.5737730503977866
916800,-0.6346542219190003
917000,-0.7079936422487871
917200,-0.764122548874792
917400,-0.8606492392004872
917600,-0.9384424928861532
917800,-1.0184700377179832
918000,-1.0032656397922857
918200,-0.9877888470953986
918400,-1.027339895636787
918600,-1.0444970136636895
918800,-1.0632942763750404
919000,-1.0486214184550635
919200,-1.0639421619015463
919400,-1.134625776449698
919600,-1.173587727187151
919800,-1.1873824786186669
920000,-1.1311957210607528
920200,-1.0654627777415586
920400,-1.0432407420515966
920600,-0.9758685561757512
920800,-0.9239086530035916
921000,-0.8678510181082361
921200,-0.8578075133363003
921400,-0.8549535162442079
921600,-0.8125669224469558
921800,-0.6762950027054084
922000,-0.4532722497639351
922200,-0.3506360830799304
922400,-0.2120647868321798
922600,-0.1523071096608124
922800,-0.1235918828016788
923000,-0.0479611511865179
923200,-0.0857093724995936
923400,-0.1223966307081611
923600,-0.14606902066617
923800,-0.0562943698567058
924000,-0.0761317485987079
924200,-0.12376385808369
924400,-0.1195708976119878
924600,-0.2143240782565949
924800,-0.3502387341262364
925000,-0.5143358670580706
925200,-0.7039962405650481
925400,-0.7012451137047245
925600,-0.698485246859241
925800,-0.6957079000434371
926000,-0.6928972467976985
926200,-0.690032578868898
926400,-0.6870874400857401
926600,-0.6840295476201556
926800,-0.6808212644189323
927000,-0.6774219613618664
927200,-0.6737925053622497
927400,-0.6698995112515423
927600,-0.6657186488007852
927800,-0.6612314144377922
928000,-0.6564366270834878
928200,-0.6513776717092525
928400,-0.6461460425741503
928600,-0.6408122107296977
928800,-0.6355735738587464
929000,-0.6313252324234644
929200,-0.6298042387897819
929400,-0.6332892094491384
929600,-0.6419063623854234
929800,-0.6410755913635782
930000,-0.6385178465172489
930200,-0.6376410134114514
930400,-0.6332658240834396
930600,-0.6328620525167613
930800,-0.6320147463878563
931000,-0.6322993864450993
931200,-0.6350724026376257
931400,-0.6389709871892912
931600,-0.6432211396124893
931800,-0.6484229268162789
932000,-0.6518843546327265
932200,-0.6528260683490822
932400,-0.6502676935939125
932600,-0.6479549045478827
932800,-0.6466343006640434
933000,-0.6438533318724073
933200,-0.6404182027500452
933400,-0.635855851757838
933600,-0.6314123173206458
933800,0.17404054228772206
934000,-0.3933177990648447
934200,-0.5801820675490295
934400,-0.6249830740027869
934600,-0.6600826969287694
934800,-0.6919316752840137
935000,-0.7181576148984697
935200,-0.7405363862703556
935400,-0.7613962505815927
935600,-0.7863655614288098
935800,-0.814308632542119
936000,-0.8425957126208765
936200,-0.8481739490953932
936400,-0.8089540924445393
936600,-0.8649378705414157
936800,-0.4018173952637954
99,0.10537087257738964
299,0.3483315941022723
499,0.23679898996279622
699,0.467785774341053
899,0.603200269822752
1099,0.9133648631864221
1299,1.0941466531693724
1499,1.124235508747408
1699,1.136475267424671
1899,1.077460840419556
2099,0.6468565744363438
2299,0.5136736884988717
2499,0.598424930903894
2699,0.4844487528954059
2899,0.978482004514268
3099,0.8479318225751296
3299,0.4189550835582277
3499,0.1983455748934646
3699,-0.1008926984637228
3899,-0.35071422960072407
4099,-0.4794966511179644
4299,-0.5311722464397235
4499,-0.5996213693173208
4699,-0.605119056198875
4899,-0.5927748901313206
5099,-0.574390843147862
5299,-0.5603258448670172
5499,-0.5570626808580766
5699,-0.5642971051511407
5899,-0.5831913782953003
6099,-0.5886236333960609
6299,-0.3881207596267736
6499,-0.6082403805766204
6699,-0.6611224160966087
6899,-0.7268738876261086
7099,-0.8471316919281966
7299,-0.9467078898445892
7499,-0.9997681020814564
7699,-1.0613952046613635
7899,-1.1034625946579943
8099,-1.200025111746598
8299,-1.235308108978965
8499,-1.309857790812663
8699,-1.229003299061147
8899,-1.1979442703171015
9099,-1.1920710991156551
9299,-1.1289175026270488
9499,-1.0466599016651303
9699,-0.943072819131154
9899,-0.8990076823616909
10099,-0.7578846634009443
10299,-0.6125615041995417
10499,-0.2086689419249742
10699,0.2799249330658719
10899,0.5820965434315936
11099,0.9062385065707712
11299,1.1522886590126262
11499,1.2985945164438897
11699,1.4670575353729096
11899,1.6563570120218132
12099,1.7916066926261844
12299,2.099896665590022
12499,2.334120036418589
12699,2.331883279105711
12899,2.30393268451709
13099,2.144980968832326
13299,1.9578151960551848
13499,1.7029585043710307
13699,1.5152585352869936
13899,1.2072032845089764
14099,1.1158829946452715
14299,0.990223704798271
14499,0.7969986574112825
14699,0.6046966009315711
14899,0.3279917302910031
15099,0.0200475125004387
15299,-0.2545748771832635
15499,-0.3696512723115227
15699,-0.5722006509692462
15899,-0.5666894626762328
16099,-0.6056629066123141
16299,-0.7101862092527613
16499,-0.764437445802917
16699,-0.8490588927124689
16899,-0.9218807568292932
17099,-1.0254713054344753
17299,-1.1382704518483313
17499,-1.1907044879729352
17699,-1.2094700425455471
17899,-1.159057434227632
18099,-1.1519636768461408
18299,-1.1653645832615684
18499,-1.1484599878130606
18699,-1.0567034839706375
18899,-1.0092874962967309
19099,-1.0268707635920846
19299,-1.010319556206155
19499,-0.9515638098411692
19699,-0.8398444847165518
19899,-0.7611354368578799
20099,-0.6652079512236325
20299,-0.5478868132498486
20499,-0.4643457030712599
20699,-0.3925837098178067
20899,-0.3710767029319292
21099,-0.264600686863708
21299,-0.0551721779897227
21499,0.3448269150813698
21699,0.586854433522594
21899,0.7901296462503242
22099,0.9409681105227008
22299,0.9359646065885416
22499,0.9982046057765982
22699,1.1118688167962654
22899,1.1698377396661008
23099,1.4449748809279657
23299,1.6943869080565408
23499,1.719814394712628
23699,1.7411199501544523
23899,1.6382984612540843
24099,1.5837342670013517
24299,1.4881919537438364
24499,1.3959060952160671
24699,1.18724138751445
24899,1.133525810494858
25099,1.0101437251652836
25299,0.8346979322974214
25499,0.6547911739192
25699,0.3816770014347712
25899,0.1116853003183899
26099,-0.1736662706176179
26299,-0.3775586770165376
26499,-0.5259158242120818
26699,-0.5218801301727276
26899,-0.5813433394666876
27099,-0.691143411109085
27299,-0.7498496540001592
27499,-0.7962038867141893
27699,-0.834212184178794
27899,-0.8770892917940547
28099,-0.981186413873376
28299,-1.0080735037866957
28499,-1.051180089110504
28699,-0.9591647540378386
28899,-0.925849938993688
29099,-0.8868352597053236
29299,-0.809334228412257
29499,-0.7252169451330436
29699,-0.638732712875709
29899,-0.6764901347112965
30099,-0.520996696091708
30299,-0.2703107329837724
30499,0.1287563428608046
30699,0.3924576385413881
30899,0.5609307980161572
31099,0.7548841898528352
31299,0.8657869442119716
31499,1.0258887408119897
31699,1.1216670998918898
31899,1.266510166831649
32099,1.410097813443333
32299,1.694709377370086
32499,1.7512748713369133
32699,1.7104312817420086
32899,1.6041232661114089
33099,1.4334525379647678
33299,1.317077879649849
33499,1.1869468081073824
33699,1.0606846826385072
33899,0.9336872888414972
34099,0.9414277232613176
34299,0.8150799605777002
34499,0.6483389198592105
34699,0.4804249178102313
34899,0.2573901829303673
35099,-0.005402374992002
35299,-0.2270619875768271
35499,-0.3687559754607523
35699,-0.4961572647098514
35899,-0.4866304981953937
36099,-0.577956743551427
36299,-0.682093453865629
36499,-0.751460777082131
36699,-0.8247842407790583
36899,-0.8822330306646832
37099,-0.9695947579816762
37299,-1.0756785372253828
37499,-1.1435679087193469
37699,-1.1585386375381506
37899,-1.104411837582577
38099,-1.105957857640655
38299,-1.1173635248522895
38499,-1.0953986463436929
38699,-1.0871083026652544
38899,-1.0790367791580755
39099,-1.115351712386453
39299,-1.1250681679053571
39499,-1.1148450715236151
39699,-0.9460071964222294
39899,-0.7156575918995765
40099,-0.5988880684830613
40299,-0.4208869188162799
40499,-0.2351629299290797
40699,-0.2420001346190849
40899,-0.1668512396510875
41099,0.0241338233477086
41299,0.1618210405133997
41499,0.567283258160492
41699,0.8809123336342212
41899,-0.41334606559888354
42099,-0.40846545316507843
42299,-0.4036142102309557
42499,-0.3983485660184734
42699,-0.3897783412907961
42899,-0.37981877387707386
43099,-0.36781231768656375
43299,-0.35770078476510186
43499,-0.34819215334248077
43699,-0.3391515441882559
43899,-0.33306087687209673
44099,-0.3317117696132306
44299,-0.3320503456149304
44499,-0.3253727607367549
44699,-0.3061100696595829
44899,-0.2828165131742672
45099,-0.26644652096929217
45299,-0.25317583773615604
45499,-0.240540732522955
45699,-0.22674502027136906
45899,-0.20895867803881824
46099,-0.1922774321280945
46299,-0.18227770802579862
46499,-0.1708800587295078
46699,-0.1512944606330402
46899,-0.11985594662590314
47099,-0.0734542630701562
47299,-0.0038384702815854833
47499,0.08606763111861868
47699,0.301342914245904
47899,0.43535696489824655
48099,0.530823586586832
48299,0.5640191525655809
48499,0.6056465208043355
48699,0.6293925093142482
48899,0.645599433868172
49099,0.6364703225218749
49299,0.5865497319679963
49499,0.6486500823820922
49699,0.4732253521320829
49899,0.465647233827991
50099,0.47454942051454424
50299,0.48770931853038
50499,0.0952485524670364
50699,0.22851080691839532
50899,0.2913450011315242
51099,0.18702060132963166
51299,0.06493229979762659
51499,-0.0335756792494836
51699,-0.14328603585236938
51899,-0.32823703497253015
52099,-0.5094351946989664
52299,-0.6366407969115462
52499,-0.7406084320939731
52699,-0.8509241310924561
52899,-0.9419385964665968
53099,-0.3027306087309886
53299,-0.5286466269442531
53499,-0.8479563943296499
53699,-0.36457521615589356
53899,-0.09618657077870069
54099,-0.15653231011794108
54299,-0.16513174686809068
54499,-0.33812455656263485
54699,-0.03853093588087273
54899,0.392611193513412
55099,0.5961336374970418
55299,0.4856962873537621
55499,0.5159815170127836
55699,0.5883449721630557
55899,0.34084134808141225
56099,0.13503627193748538
56299,0.17436526029493368
56499,0.13501784710390452
56699,0.7726718890996183
56899,0.7486599215818586
57099,0.18912307956158236
57299,-0.09236263042461916
57499,-0.19918516994882082
57699,-0.4534744082747635
57899,-0.5243347434546987
58099,-0.5883539536737767
58299,-0.590131950114331
58499,-0.6005448156773057
58699,-0.24278265682444297
58899,-0.5797157775299443
59099,-0.6142850172123339
59299,-0.6240395492985151
59499,-0.6703406836556177
59699,-0.7128261452121686
59899,-0.93505103512874
60099,-1.012385409259926
60299,-1.034274199578384
60499,-0.9862039427293392
60699,-1.008582633974572
60899,-1.0347900674610893
61099,-1.0397996715140845
61299,-1.0628648803459693
61499,-1.0627012448999171
61699,-1.105060932827448
61899,-1.166676569901623
62099,-1.190008794751242
62299,-1.1926601289810066
62499,-1.113258364165387
62699,-1.095961284355012
62899,-1.100091151078164
63099,-1.0465827884377583
63299,-0.9866726260155894
63499,-0.9513464354375653
63699,-0.8968969528576953
63899,-0.876768243272165
64099,-0.7952838561159506
64299,-0.5793719266958421
64499,-0.2163085459080231
64699,-0.057137185482154
64899,0.1450742401250523
65099,0.3077978693366038
65299,0.3704538560151588
65499,0.443583954153562
65699,0.5457609759338018
65899,0.6440376555652548
66099,0.904511929897004
66299,1.1554147833360795
66499,1.18417293384297
66699,1.2010461506166743
66899,1.1896307317449222
67099,1.088320938626749
67299,1.00271257604147
67499,0.9084852912847386
67699,0.906188940505276
67899,0.9171597276965862
68099,1.0795985884417811
68299,1.0363957682888074
68499,0.9714127204491888
68699,0.8774478356628306
68899,0.6667343982594328
69099,0.4213010353439767
69299,0.1480551663395683
69499,0.0140284013432465
69699,-0.1508546269840797
69899,-0.1245493499907492
70099,-0.1729647543120185
70299,-0.2707733666529201
70499,-0.3809897221194703
70699,-0.4870058198655521
70899,-0.6007477911108172
71099,-0.7115970447101589
71299,-0.8743780507889477
71499,-0.933407534174878
71699,-1.0415718655046065
71899,-0.9918078397585508
72099,-0.9994985952441237
72299,-1.0672382725903498
72499,-1.0919632190260529
72699,-1.1126273454703666
72899,-1.1426952053230035
73099,-1.195157700884194
73299,-1.2916615386270578
73499,-1.3025726986180717
73699,-1.310607395129764
73899,-1.2341133328424143
74099,-1.2181408688415654
74299,-1.2315514068591635
74499,-1.2197524789268108
74699,-1.2180031436838248
74899,-1.2116800358030455
75099,-1.2659305430683503
75299,-1.3021392699143206
75499,-1.2131966220790054
75699,-1.1120734908584706
75899,-0.9603014446428552
76099,-0.8403164871074987
76299,-0.7486634188130028
76499,-0.6529637445146946
76699,-0.6090351342653509
76899,-0.5259212752178632
77099,-0.5265484231895735
77299,-0.3940156641099724
77499,-0.2197384277899858
77699,0.1418726327508773
77899,0.3558966724981597
78099,0.4666483156722731
78299,0.5864026362621794
78499,0.6288117132176708
78699,0.596037545380811
78899,0.5034171722308467
79099,0.5259314864915478
79299,0.4413377464687869
79499,0.5557028297124574
79699,0.6201533335984328
79899,0.6044778514406852
80099,0.601155493153751
80299,0.4467757780282071
80499,0.2049187975633279
80699,0.0102880061025701
80899,-0.1448106898671593
81099,-0.3208197042126793
81299,-0.3402627894601469
81499,-0.3297963236179363
81699,-0.4129206320979834
81899,-0.4820638880284085
82099,-0.512515690394533
82299,-0.5831406691259644
82499,-0.673671424630946
82699,-0.751923192117272
82899,-0.8119843846072292
83099,-0.8783251991044897
83299,-0.8411380216482351
83499,-0.8007449664948745
83699,-0.8458014459508694
83899,-0.8618494284596764
84099,-0.935149486050672
84299,-0.9914737281011206
84499,-1.0989547252464733
84699,-1.1732191590307766
84899,-1.241575838320669
85099,-1.1980998304095924
85299,-1.1329241478851109
85499,-1.11406784556124
85699,-1.0535268307030503
85899,-0.9437888874193692
86099,-0.8391827348552018
86299,-0.7384848328845313
86499,-0.6579842191619497
86699,-0.5213157493876321
86899,-0.4045192184722277
87099,-0.036716048959852
87299,0.3198041183181263
87499,0.4843935943565844
87699,0.6596703635157791
87899,0.7454295989684014
88099,0.8527116456442655
88299,0.9538290364743476
88499,1.0904107037884627
88699,1.2343551212235095
88899,1.4582969512957114
89099,1.487392443917728
89299,1.5383994853979608
89499,1.5584068919036085
89699,1.4922713962942604
89899,1.4686412630986811
90099,1.4918545406360575
90299,1.495777303170769
90499,1.6006241590335577
90699,1.7468797944146688
90899,1.6892191020241365
91099,1.6574992382823426
91299,1.5919201967957843
91499,1.4043439499747818
91699,1.1956037497962988
91899,1.0291623926336335
92099,0.8122849805354451
92299,0.7159087548353629
92499,0.7276401068473315
92699,0.5617254600646095
92899,0.3908843092962168
93099,0.2728899739213675
93299,0.0949394881253771
93499,-0.1046380822214812
93699,-0.2858031786527304
93899,-0.4106591298136445
94099,-0.5479098930727343
94299,-0.5345099392181507
94499,-0.4866818160999435
94699,-0.541858527611358
94899,-0.5736789495137249
95099,-0.6257712838795819
95299,-0.680935106927316
95499,-0.758977327570267
95699,-0.8670844571593678
95899,-0.901785671888478
96099,-0.9608227264631694
96299,-0.87926086241603
96499,-0.8635878380866818
96699,-0.903420166836211
96899,-0.868914314046189
97099,-0.8149458215884668
97299,-0.7751349439768002
97499,-0.7337242032301491
97699,-0.7294931964228096
97899,-0.6129288715438509
98099,-0.4054977046806958
98299,-0.0612794490471963
98499,0.1478574425956765
98699,0.3361330943328281
98899,0.5181061598693116
99099,0.6114364869147866
99299,0.6704792630161507
99499,0.7486001460995496
99699,0.7941621926491486
99899,0.9688213550507973
100099,1.199999139372559
100299,1.234041845611507
100499,1.282354074077697
100699,1.2430035603745482
100899,1.1221724684472465
101099,0.9990410635400896
101299,0.8924478796930307
101499,0.8414402245216506
101699,0.8088819458580431
101899,0.9246972519037614
102099,0.8610837152881581
102299,0.769522713848419
102499,0.6897554349792819
102699,0.5393153439667473
102899,0.311582666659291
103099,0.0526010652776372
103299,-0.1175797431744117
103499,-0.3382347549021968
103699,-0.333403780488591
103899,-0.3827050497591305
104099,-0.5201797600682396
104299,-0.586197702042824
104499,-0.6430463708076513
104699,-0.5871838737761066
104899,-0.6234325033110228
105099,-0.7479632289365197
105299,-0.7970509979525428
105499,-0.9099103244546946
105699,-0.8535880346439424
105899,-0.8273667889050782
106099,-0.8766716658519377
106299,-0.8898776129139618
106499,-0.9115990239065476
106699,-0.9179832189544562
106899,-0.944513287299489
107099,-0.9921212208914404
107299,-0.9796717303489082
107499,-0.8888118512114972
107699,-0.6672280680048563
107899,-0.5417415459187077
108099,-0.3635724711732162
108299,-0.1251520669289481
108499,0.0573916217769448
108699,0.3183429557104556
108899,0.5380193710557748
109099,0.7869249772553437
109299,1.0778104984953762
109499,1.4241215550362871
109699,1.5570628064141645
109899,1.6360077320045108
110099,1.5766291281554496
110299,1.3762806009266313
110499,1.1911476169882924
110699,1.0225807945122711
110899,0.9194893101868864
111099,0.8814210889082691
111299,0.9549733352532946
111499,0.84447312400156
111699,0.7374588035747777
111899,0.6288779891123863
112099,0.4645989492532662
112299,0.3048907118756248
112499,0.1171206356729317
112699,0.0643189148915122
112899,-0.0503978548314592
113099,0.0344413324974767
113299,0.0020475384190602
113499,-0.084964722917576
113699,-0.1339192824715601
113899,-0.231538019341403
114099,-0.3353729285945649
114299,-0.5119140473294757
114499,-0.6603978764768247
114699,-0.7721881551609362
114899,-0.8665797559956613
115099,-0.8502355903249218
115299,-0.9053944211192207
115499,-0.9673206131430808
115699,-0.9991774430385588
115899,-1.0208902758371787
116099,-1.0310304993724175
116299,-1.1083201546569854
116499,-1.1550191120567888
116699,-1.2037189842221816
116899,-1.151946220095135
117099,-1.108922800815426
117299,-1.1229342974738734
117499,-1.113818457110906
117699,-1.127765802289964
117899,-1.1240125604972258
118099,-1.1538567181186028
118299,-1.2281139904055305
118499,-1.230558710211507
118699,-1.2398469810741208
118899,-1.15620394409607
119099,-1.1500922681029322
119299,-1.1525986392973169
119499,-1.138343986904294
119699,-1.150939139149844
119899,-1.1022754663782324
